0.0	105.70945304732926	6.717731749608021
1.0	105.69684547041368	6.706378087121287
2.0	105.68423967681073	6.695050638165132
3.0	105.67163566367063	6.683749361321982
4.0	105.65903342814363	6.672474215207367
5.0	105.64643296738	6.661225158469918
6.0	105.63383427852996	6.650002149791369
7.0	105.62123735874378	6.638805147886556
8.0	105.6086422051717	6.6276341115034185
9.0	105.59604881496396	6.616488999422995
10.0	105.58345718527085	6.605369770459432
11.0	105.57086731324253	6.594276383459972
12.0	105.55827919602932	6.583208797304964
13.0	105.54569283078143	6.572166970907859
14.0	105.53310821464912	6.561150863215208
15.0	105.52052534478264	6.550160433206667
16.0	105.50794421833224	6.5391956398949915
17.0	105.49536483244816	6.528256442326043
18.0	105.48278718428065	6.517342799578782
19.0	105.47021127097995	6.506454670765273
20.0	105.4576370896963	6.4955920150306845
21.0	105.44506463757997	6.484754791553281
22.0	105.43249391178121	6.473942959544438
23.0	105.41992490945023	6.463156478248627
24.0	105.40735762773731	6.452395306943423
25.0	105.39479206379269	6.441659404939505
26.0	105.38222821476661	6.430948731580655
27.0	105.36966607780931	6.420263246243753
28.0	105.35710565007106	6.409602908338786
29.0	105.34454692870209	6.398967677308841
30.0	105.33198991085266	6.388357512630108
31.0	105.319434593673	6.3777723738118794
32.0	105.30688097431336	6.367212220396549
33.0	105.294329049924	6.356677011959614
34.0	105.28177881765515	6.346166708109673
35.0	105.26923027465708	6.335681268488429
36.0	105.25668341808002	6.325220652770684
37.0	105.24413824507421	6.314784820664346
38.0	105.2315947527899	6.304373731910421
39.0	105.21905293837736	6.293987346283022
40.0	105.20651279898681	6.283625623589361
41.0	105.19397433176853	6.2732885236697555
42.0	105.18143753387272	6.26297600639762
43.0	105.16890240244967	6.252688031679477
44.0	105.15636893464959	6.242424559454949
45.0	105.14383712762276	6.2321855496967595
46.0	105.1313069785194	6.221970962410737
47.0	105.11877848448978	6.211780757635809
48.0	105.10625164268413	6.20161489544401
49.0	105.09372645025272	6.191473335940472
50.0	105.08120290434577	6.181356039263433
51.0	105.06868100211354	6.171262965584229
52.0	105.05616074070626	6.161194075107305
53.0	105.0436421172742	6.151149328070201
54.0	105.03112512896759	6.141128684743567
55.0	105.0186097729367	6.131132105431147
56.0	105.00609604633175	6.121159550469794
57.0	104.99358394630302	6.111210980229458
58.0	104.98107347000071	6.101286355113198
59.0	104.9685646145751	6.091385635557169
60.0	104.95605737717644	6.081508782030632
61.0	104.94355175495495	6.071655755035947
62.0	104.93104774506091	6.0618265151085815
63.0	104.91854534464454	6.052021022817099
64.0	104.90604455085612	6.042239238763171
65.0	104.89354536084585	6.0324811235815705
66.0	104.88104777176402	6.022746637940167
67.0	104.86855178076084	6.013035742539938
68.0	104.85605738498658	6.003348398114965
69.0	104.84356458159148	5.993684565432425
70.0	104.83107336772579	5.984044205292603
71.0	104.81858374053976	5.974427278528885
72.0	104.80609569718365	5.964833746007757
73.0	104.79360923480768	5.95526356862881
74.0	104.7811243505621	5.9457167073247374
75.0	104.76864104159716	5.936193123061333
76.0	104.75615930506312	5.926692776837494
77.0	104.74367913811021	5.91721562968522
78.0	104.7312005378887	5.9077616426696125
79.0	104.71872350154881	5.8983307768888755
80.0	104.70624802624081	5.888922993474317
81.0	104.69377410911493	5.879538253590344
82.0	104.68130174732141	5.870176518434468
83.0	104.66883093801053	5.860837749237303
84.0	104.6563616783325	5.851521907262565
85.0	104.6438939654376	5.842228953807071
86.0	104.63142779647605	5.832958850200742
87.0	104.6189631685981	5.823711557806602
88.0	104.60650007895403	5.814487038020774
89.0	104.59403852469404	5.805285252272487
90.0	104.58157850296841	5.79610616202407
91.0	104.56912001092736	5.786949728770956
92.0	104.55666304572117	5.777815914041677
93.0	104.54420760450006	5.768704679397874
94.0	104.53175368441428	5.759615986434283
95.0	104.51930128261411	5.750549796778746
96.0	104.50685039624975	5.741506072092207
97.0	104.49440102247146	5.732484774068712
98.0	104.48195315842952	5.72348586443541
99.0	104.46950680127412	5.71450930495255
100.0	104.45706194815556	5.705555057413489
101.0	104.44461859622406	5.696623083644678
102.0	104.43217674262986	5.687713345505678
103.0	104.41973638452325	5.678825804889146
104.0	104.40729751905442	5.669960423720848
105.0	104.39486014337365	5.661117163959647
106.0	104.38242425463118	5.652295987597509
107.0	104.36998984997724	5.643496856659506
108.0	104.35755692656211	5.6347197332038075
109.0	104.34512548153602	5.625964579321688
110.0	104.33269551204921	5.617231357137525
111.0	104.32026701525196	5.6085200288087975
112.0	104.30783998829448	5.5998305565260855
113.0	104.295414428327	5.591162902513073
114.0	104.28299033249982	5.582517029026545
115.0	104.27056769796316	5.573892898356391
116.0	104.25814652186727	5.565290472825599
117.0	104.2457268013624	5.556709714790265
118.0	104.23330853359879	5.548150586639582
119.0	104.2208917157267	5.5396130507958485
120.0	104.20847634489635	5.5310970697144635
121.0	104.19606241825801	5.52260260588393
122.0	104.18364993296191	5.51412962182585
123.0	104.17123888615832	5.505678080094933
124.0	104.15882927499747	5.497247943278988
125.0	104.14642109662962	5.488839173998924
126.0	104.13401434820501	5.480451734908758
127.0	104.1216090268739	5.472085588695604
128.0	104.10920512978649	5.46374069807968
129.0	104.09680265409308	5.455417025814308
130.0	104.08440159694389	5.447114534685912
131.0	104.07200195548917	5.438833187514015
132.0	104.05960372687917	5.430572947151246
133.0	104.04720690826414	5.422333776483336
134.0	104.03481149679435	5.414115638429116
135.0	104.02241748962	5.40591849594052
136.0	104.01002488389135	5.397742312002588
137.0	103.99763367675865	5.389587049633459
138.0	103.98524386537217	5.381452671884371
139.0	103.97285544688214	5.373339141839672
140.0	103.9604684184388	5.365246422616807
141.0	103.9480827771924	5.357174477366325
142.0	103.9356985202932	5.349123269271876
143.0	103.92331564489143	5.341092761550216
144.0	103.91093414813734	5.333082917451198
145.0	103.89855402718119	5.325093700257781
146.0	103.88617527917322	5.317125073286027
147.0	103.87379790126367	5.309176999885096
148.0	103.86142189060278	5.301249443437256
149.0	103.84904724434082	5.293342367357872
150.0	103.83667395962804	5.2854557350954146
151.0	103.82430203361466	5.277589510131457
152.0	103.81193146345095	5.2697436559806725
153.0	103.79956224628712	5.261918136190838
154.0	103.78719437927346	5.254112914342832
155.0	103.7748278595602	5.246327954050636
156.0	103.76246268429759	5.2385632189613345
157.0	103.75009885063587	5.230818672755114
158.0	103.7377363557253	5.223094279145262
159.0	103.72537519671612	5.21539000187817
160.0	103.71301537075857	5.20770580473333
161.0	103.70065687500289	5.200041651523338
162.0	103.68829970659935	5.192397506093892
163.0	103.67594386269819	5.1847733323237915
164.0	103.66358934044965	5.177169094124939
165.0	103.65123613700399	5.16958475544234
166.0	103.63888424951143	5.162020280254102
167.0	103.62653367512225	5.154475632571433
168.0	103.61418441098667	5.146950776438645
169.0	103.60183645425494	5.139445675933152
170.0	103.58948980207732	5.131960295165472
171.0	103.57714445160406	5.124494598279221
172.0	103.56480039998539	5.117048549451122
173.0	103.55245764437159	5.1096221128909995
174.0	103.54011618191286	5.102215252841775
175.0	103.52777600975948	5.094827933579482
176.0	103.51543712506167	5.0874601194132465
177.0	103.5030995249697	5.080111774685304
178.0	103.49076320663382	5.072782863770988
179.0	103.47842816720426	5.0654733510787375
180.0	103.46609440383128	5.05818320105009
181.0	103.45376191366512	5.050912378159689
182.0	103.44143069385603	5.043660846915279
183.0	103.42910074155425	5.036428571857707
184.0	103.41677205391004	5.02921551756092
185.0	103.40444462807362	5.022021648631972
186.0	103.39211846119528	5.014846929711015
187.0	103.37979355042523	5.007691325471307
188.0	103.36746989291373	5.000554800619204
189.0	103.35514748581105	4.993437319894168
190.0	103.34282632626739	4.986338848068762
191.0	103.33050641143302	4.979259349948651
192.0	103.31818773845819	4.972198790372604
193.0	103.30587030449315	4.96515713421249
194.0	103.29355410668813	4.958134346373281
195.0	103.28123914219341	4.951130391793052
196.0	103.2689254081592	4.9441452354429805
197.0	103.25661290173578	4.937178842327347
198.0	103.24430162007337	4.930231177483531
199.0	103.23199156032221	4.923302205982018
200.0	103.21968271963259	4.916391892926393
201.0	103.20737509515472	4.909500203453346
202.0	103.19506868403884	4.9026271027326676
203.0	103.18276348343524	4.895772555967253
204.0	103.17045949049414	4.888936528393094
205.0	103.15815670236579	4.882118985279291
206.0	103.14585511620042	4.875319891928045
207.0	103.13355472914829	4.8685392136746595
208.0	103.12125553835966	4.8617769158875355
209.0	103.10895754098476	4.855032963968185
210.0	103.09666073417385	4.848307323351214
211.0	103.08436511507716	4.841599959504338
212.0	103.07207068084497	4.834910837928369
213.0	103.05977742862748	4.828239924157225
214.0	103.04748535557498	4.821587183757924
215.0	103.03519445883768	4.814952582330587
216.0	103.02290473556585	4.80833608550844
217.0	103.01061618290973	4.801737658957806
218.0	102.99832879801957	4.795157268378116
219.0	102.98604257804561	4.7885948795018995
220.0	102.97375752013814	4.782050458094789
221.0	102.96147362144733	4.775523969955523
222.0	102.94919087912348	4.769015380915935
223.0	102.93690929031682	4.7625246568409665
224.0	102.92462885217759	4.756051763628661
225.0	102.91234956185606	4.749596667210164
226.0	102.90007141650247	4.743159333549719
227.0	102.88779441326705	4.736739728644678
228.0	102.87551854930008	4.730337818525493
229.0	102.86324382175177	4.723953569255717
230.0	102.85097022777238	4.7175869469320055
231.0	102.83869776451215	4.7112379176841195
232.0	102.82642642912134	4.704906447674919
233.0	102.8141562187502	4.698592503100366
234.0	102.80188713054898	4.692296050189529
235.0	102.78961916166791	4.686017055204573
236.0	102.77735230925724	4.679755484440771
237.0	102.76508657046722	4.673511304226494
238.0	102.7528219424481	4.667284480923218
239.0	102.74055842235012	4.66107498092552
240.0	102.72829600732354	4.6548827706610805
241.0	102.71603469451858	4.648707816590679
242.0	102.70377448108553	4.642550085208203
243.0	102.69151536417462	4.636409543040637
244.0	102.67925734093606	4.630286156648072
245.0	102.66700040852015	4.624179892623698
246.0	102.65474456407709	4.618090717593809
247.0	102.64248980475718	4.6120185982178
248.0	102.6302361277106	4.605963501188171
249.0	102.61798353008767	4.599925393230521
250.0	102.60573200903858	4.593904241103557
251.0	102.59348156171362	4.5879000115990785
252.0	102.58123218526299	4.581912671541999
253.0	102.56898387683698	4.575942187790323
254.0	102.55673663358581	4.569988527235167
255.0	102.54449045265973	4.5640516568007445
256.0	102.53224533120901	4.558131543444372
257.0	102.52000126638387	4.552228154156469
258.0	102.50775825533456	4.546341455960558
259.0	102.49551629521136	4.540471415913263
260.0	102.48327538316447	4.534618001104309
261.0	102.47103551634416	4.528781178656525
262.0	102.45879669190067	4.522960915725843
263.0	102.44655890698427	4.517157179501296
264.0	102.43432215874516	4.5113699372050196
265.0	102.42208644433363	4.50559915609225
266.0	102.40985176089993	4.499844803451332
267.0	102.39761810559428	4.494106846603706
268.0	102.38538547556692	4.488385252903915
269.0	102.37315386796813	4.482679989739609
270.0	102.36092327994814	4.476991024531536
271.0	102.34869370865718	4.4713183247335495
272.0	102.33646515124553	4.465661857832602
273.0	102.32423760486341	4.460021591348752
274.0	102.3120110666611	4.454397492835159
275.0	102.29978553378882	4.448789529878082
276.0	102.2875610033968	4.443197670096886
277.0	102.27533747263533	4.437621881144038
278.0	102.26311493865462	4.432062130705104
279.0	102.25089339860494	4.426518386498756
280.0	102.23867284963654	4.420990616276768
281.0	102.22645328889965	4.415478787824013
282.0	102.21423471354453	4.409982868958471
283.0	102.20201712072142	4.404502827531221
284.0	102.18980050758056	4.399038631426446
285.0	102.1775848712722	4.393590248561429
286.0	102.1653702089466	4.388157646886558
287.0	102.153156517754	4.382740794385324
288.0	102.14094379484465	4.377339659074316
289.0	102.12873203736878	4.3719542090032295
290.0	102.11652124247667	4.36658441225486
291.0	102.10431140731852	4.361230236945108
292.0	102.09210252904461	4.355891651222972
293.0	102.07989460480519	4.350568623270556
294.0	102.06768763175049	4.345261121303068
295.0	102.05548160703077	4.339969113568813
296.0	102.04327652779627	4.334692568349203
297.0	102.03107239119723	4.329431453958749
298.0	102.01886919438392	4.32418573874507
299.0	102.00666693450657	4.318955391088879
300.0	101.99446560871542	4.313740379403997
301.0	101.98226521416073	4.308540672137347
302.0	101.97006574799273	4.303356237768952
303.0	101.9578672073617	4.29818704481194
304.0	101.94566958941786	4.2930330618125385
305.0	101.93347289131148	4.2878942573500805
306.0	101.92127711019278	4.282770600037
307.0	101.909082243212	4.27766205851883
308.0	101.89688828751942	4.2725686014742115
309.0	101.88469524026526	4.267490197614885
310.0	101.8725030985998	4.262426815685691
311.0	101.86031185967325	4.257378424464578
312.0	101.84812152063587	4.252344992762591
313.0	101.83593207863792	4.247326489423884
314.0	101.82374353082963	4.242322883325706
315.0	101.81155587436126	4.237334143378412
316.0	101.79936910638304	4.232360238525458
317.0	101.78718322404524	4.227401137743406
318.0	101.77499822449808	4.222456810041916
319.0	101.76281410489183	4.217527224463753
320.0	101.75063086237672	4.2126123500847825
321.0	101.73844849410303	4.207712156013972
322.0	101.72626699722096	4.202826611393396
323.0	101.71408636888079	4.197955685398226
324.0	101.70190660623274	4.193099347236736
325.0	101.68972770642708	4.188257566150306
326.0	101.67754966661406	4.1834303114134155
327.0	101.6653724839439	4.178617552333648
328.0	101.65319615556687	4.173819258251687
329.0	101.64102067863323	4.16903539854132
330.0	101.62884605029319	4.16426594260944
331.0	101.61667226769701	4.159510859896034
332.0	101.60449932799494	4.154770119874199
333.0	101.59232722833724	4.150043692050132
334.0	101.58015596587414	4.145331545963131
335.0	101.5679855377559	4.140633651185599
336.0	101.55581594113275	4.135949977323037
337.0	101.54364717315497	4.131280494014051
338.0	101.53147923097276	4.126625170930353
339.0	101.5193121117364	4.12198397777675
340.0	101.50714581259611	4.117356884291157
341.0	101.49498033070216	4.1127438602445885
342.0	101.4828156632048	4.1081448754411625
343.0	101.47065180725427	4.103559899718098
344.0	101.45848876000082	4.0989889029457185
345.0	101.44632651859469	4.094431855027448
346.0	101.43416508018612	4.089888725899813
347.0	101.42200444192537	4.085359485532445
348.0	101.40984460096267	4.080844103928073
349.0	101.39768555444829	4.076342551122533
350.0	101.38552729953247	4.07185479718476
351.0	101.37336983336544	4.067380812216793
352.0	101.3612131530975	4.062920566353775
353.0	101.34905725587882	4.058474029763945
354.0	101.3369021388597	4.054041172648652
355.0	101.32474779919036	4.049621965242342
356.0	101.31259423402106	4.045216377812568
357.0	101.30044144050206	4.04082438065998
358.0	101.28828941578358	4.036445944118334
359.0	101.27613815701588	4.032081038554487
360.0	101.26398766134922	4.0277296343684
361.0	101.25183792593383	4.023391701993134
362.0	101.23968894791994	4.019067211894853
363.0	101.22754072445784	4.014756134572822
364.0	101.21539325269774	4.010458440559415
365.0	101.20324652978991	4.006174100420098
366.0	101.19110055288458	4.001903084753447
367.0	101.178955319132	3.9976453641911385
368.0	101.16681082568245	3.99340090939795
369.0	101.15466706968613	3.9891696910717624
370.0	101.1425240482933	3.9849516799435576
371.0	101.13038175865421	3.9807468467774223
372.0	101.11824019791912	3.9765551623705435
373.0	101.10609936323827	3.972376597553212
374.0	101.0939592517619	3.9682111231888184
375.0	101.08181986064027	3.9640587101738585
376.0	101.0696811870236	3.9599193294379296
377.0	101.05754322806217	3.9557929519437307
378.0	101.0454059809062	3.9516795486870624
379.0	101.03326944270596	3.94757909069683
380.0	101.02113361061167	3.9434915490350395
381.0	101.0089984817736	3.9394168947967985
382.0	100.996864053342	3.9353550991103194
383.0	100.9847303224671	3.931306133136915
384.0	100.97259728629915	3.927269968071002
385.0	100.96046494198839	3.9232465751400962
386.0	100.9483332866851	3.919235925604818
387.0	100.93620231753948	3.915237990758892
388.0	100.92407203170181	3.9112527419291423
389.0	100.91194242632234	3.907280150475495
390.0	100.8998134985513	3.9033201877909818
391.0	100.88768524553895	3.899372825301732
392.0	100.8755576644355	3.895438034466983
393.0	100.86343075239125	3.89151578677907
394.0	100.85130450655642	3.8876060537634314
395.0	100.83917892408125	3.8837088069786088
396.0	100.827054002116	3.879824018016246
397.0	100.81492973781091	3.875951658501089
398.0	100.80280612831625	3.8720917000909854
399.0	100.79068317078224	3.8682441144768878
400.0	100.77856086235913	3.864408873382847
401.0	100.76643920019717	3.86058594856602
402.0	100.7543181814466	3.856775311816662
403.0	100.7421978032577	3.8529769349581358
404.0	100.73007806278068	3.8491907898469018
405.0	100.71795895716579	3.8454168483725253
406.0	100.70584048356329	3.841655082457673
407.0	100.69372263912344	3.8379054640581147
408.0	100.68160542099646	3.8341679651627216
409.0	100.6694888263326	3.830442557793467
410.0	100.65737285228212	3.8267292140054288
411.0	100.64525749599525	3.823027905886784
412.0	100.63314275462227	3.8193386055588143
413.0	100.62102862531339	3.815661285175903
414.0	100.60891510521888	3.811995916925536
415.0	100.59680219148898	3.808342473028301
416.0	100.58468988127393	3.8047009257378877
417.0	100.57257817172398	3.8010712473410893
418.0	100.56046705998938	3.797453410157801
419.0	100.54835654322038	3.793847386541019
420.0	100.53624661856722	3.7902531488768445
421.0	100.52413728318015	3.786670669584478
422.0	100.51202853420943	3.7830999211162237
423.0	100.49992036880529	3.779540875957491
424.0	100.48781278411798	3.775993506626785
425.0	100.47570577729775	3.7724577856757193
426.0	100.46359934549483	3.768933685689007
427.0	100.4514934858595	3.7654211792844623
428.0	100.43938819554198	3.7619202391130067
429.0	100.42728347169253	3.758430837858659
430.0	100.4151793114614	3.7549529482385418
431.0	100.40307571199882	3.7514865430028825
432.0	100.39097267045506	3.7480315949350067
433.0	100.37887018398034	3.7445880768513433
434.0	100.36676824972493	3.741155961601426
435.0	100.35466686483906	3.7377352220678906
436.0	100.34256602647298	3.734325831166472
437.0	100.33046573177695	3.7309277618460115
438.0	100.31836597790122	3.72754098708845
439.0	100.30626676199601	3.72416547990883
440.0	100.2941680812116	3.7208012133552986
441.0	100.2820699326982	3.7174481605091048
442.0	100.26997231360609	3.714106294484599
443.0	100.2578752210855	3.7107755884292346
444.0	100.24577865228667	3.707456015523567
445.0	100.23368260435988	3.704147548981256
446.0	100.22158707445534	3.70085016204906
447.0	100.20949205972332	3.6975638280068415
448.0	100.19739755731405	3.6942885201675657
449.0	100.18530356437779	3.6910242118773007
450.0	100.17321007806477	3.6877708765152146
451.0	100.16111709552526	3.6845284874935804
452.0	100.14902461390949	3.6812970182577724
453.0	100.13693263036774	3.6780764422862666
454.0	100.1248411420502	3.674866733090643
455.0	100.11275014610716	3.6716678642155816
456.0	100.10065963968884	3.668479809238866
457.0	100.08856961994552	3.665302541771384
458.0	100.07648008402741	3.6621360354571206
459.0	100.06439102908479	3.6589802639731697
460.0	100.05230245226788	3.655835201029722
461.0	100.04021435072696	3.6527008203700735
462.0	100.02812672161224	3.6495770957706233
463.0	100.01603956207398	3.646464001040869
464.0	100.00395286926243	3.6433615100234134
465.0	99.99186664032784	3.6402695965939618
466.0	99.97978087242045	3.6371882346613202
467.0	99.96769556269052	3.6341173981673998
468.0	99.95561070828828	3.631057061087209
469.0	99.94352630636399	3.6280071974288637
470.0	99.9314423540679	3.6249677812335817
471.0	99.91935884855023	3.621938786575679
472.0	99.90727578696125	3.618920187562576
473.0	99.89519316645121	3.6159119583347987
474.0	99.88311098417033	3.612914073065971
475.0	99.87102923726889	3.6099265059628207
476.0	99.85894792289713	3.6069492312651787
477.0	99.84686703820529	3.603982223245978
478.0	99.8347865803436	3.601025456211252
479.0	99.82270654646234	3.5980789045001393
480.0	99.81062693371173	3.5951425424848784
481.0	99.79854773924204	3.592216344570812
482.0	99.78646896020349	3.589300285196384
483.0	99.77439059374636	3.5863943388331414
484.0	99.76231263702088	3.583498479985733
485.0	99.75023508717729	3.5806126831919096
486.0	99.73815794136583	3.5777369230225244
487.0	99.72608119673677	3.574871174081535
488.0	99.71400485044033	3.5720154110059985
489.0	99.7019288996268	3.569169608466075
490.0	99.68985334144638	3.5663337411650278
491.0	99.67777817304935	3.563507783839222
492.0	99.66570339158595	3.5606917112581264
493.0	99.65362899420641	3.557885498224311
494.0	99.641554978061	3.555089119573445
495.0	99.62948134029993	3.5523025501743066
496.0	99.6174080780735	3.5495257649287693
497.0	99.60533518853191	3.5467587387718154
498.0	99.59326266882543	3.5440014466715244
499.0	99.5811905161043	3.541253863629082
500.0	99.5691187275188	3.538515964678773
501.0	99.55704730021912	3.535787724887987
502.0	99.54497623135553	3.5330691193572137
503.0	99.5329055180783	3.530360123220047
504.0	99.52083515753763	3.5276607116431826
505.0	99.50876514688382	3.5249708598264182
506.0	99.49669548326708	3.522290543002653
507.0	99.48462616383767	3.519619736437891
508.0	99.47255718574586	3.5169584154312377
509.0	99.46048854614185	3.5143065553148993
510.0	99.4484202421759	3.5116641314541854
511.0	99.43635227099828	3.509031119247507
512.0	99.42428462975921	3.5064074941263796
513.0	99.41221731560897	3.503793231555419
514.0	99.40015032569778	3.5011883070323457
515.0	99.38808365717591	3.4985926960879783
516.0	99.37601730719356	3.496006374286244
517.0	99.36395127290103	3.4934293172241646
518.0	99.35188555144853	3.490861500531871
519.0	99.33982013998634	3.4883028998725925
520.0	99.32775503566468	3.4857534909426624
521.0	99.31569023563381	3.4832132494715156
522.0	99.30362573704396	3.4806821512216906
523.0	99.29156153704541	3.478160171988826
524.0	99.27949763278838	3.4756472876016664
525.0	99.26743402142313	3.473143473922053
526.0	99.25537070009989	3.470648706844935
527.0	99.24330766596891	3.468162962298361
528.0	99.23124491618046	3.4656862162434834
529.0	99.21918244788476	3.4632184446745544
530.0	99.20712025823208	3.46075962361893
531.0	99.19505834437265	3.4583097291370715
532.0	99.18299670345674	3.455868737322538
533.0	99.17093533263456	3.4534366243019923
534.0	99.15887422905638	3.4510133662352
535.0	99.14681338987243	3.4485989393150303
536.0	99.13475281223299	3.446193319767452
537.0	99.12269249328828	3.4437964838515387
538.0	99.11063243018856	3.441408407859465
539.0	99.09857262008407	3.439029068116507
540.0	99.08651306012506	3.436658440981047
541.0	99.07445374746177	3.4342965028445622
542.0	99.06239467924445	3.4319432301316417
543.0	99.05033585262335	3.4295985992999696
544.0	99.03827726474871	3.4272625868403352
545.0	99.0262189127708	3.4249351692766288
546.0	99.01416079383984	3.4226163231658457
547.0	99.0021029051061	3.420306025098082
548.0	98.9900452437198	3.418004251696533
549.0	98.97798780683121	3.4157109796175016
550.0	98.96593059159056	3.413426185550391
551.0	98.95387359514811	3.4111498462177035
552.0	98.94181681465409	3.4088819383750506
553.0	98.92976024725877	3.4066224388111395
554.0	98.91770389011239	3.404371324347783
555.0	98.9056477403652	3.4021285718398975
556.0	98.89359179516741	3.399894158175497
557.0	98.88153605166931	3.397668060275701
558.0	98.86948050702114	3.3954502550947323
559.0	98.85742515837313	3.3932407196199144
560.0	98.84537000287554	3.391039430871673
561.0	98.83331503767863	3.3888463659035386
562.0	98.82126025993263	3.386661501802139
563.0	98.80920566678778	3.384484815687211
564.0	98.79715125539433	3.3823162847115875
565.0	98.78509702290253	3.380155886061207
566.0	98.77304296646263	3.3780035969551085
567.0	98.76098908322489	3.3758593946454356
568.0	98.74893537033952	3.373723256417435
569.0	98.73688182495681	3.371595159589451
570.0	98.72482844422699	3.369475081512935
571.0	98.71277522530029	3.367362999572438
572.0	98.70072216532698	3.365258891185615
573.0	98.68866926145729	3.3631627338032204
574.0	98.67661651084147	3.361074504909116
575.0	98.66456391062978	3.35899418202026
576.0	98.65251145797247	3.3569217426867186
577.0	98.64045915001975	3.3548571644916567
578.0	98.62840698392192	3.3528004250513423
579.0	98.61635495682918	3.350751502015146
580.0	98.60430306589181	3.3487103730655403
581.0	98.59225130826003	3.3466770159181007
582.0	98.58019968108411	3.3446514083215044
583.0	98.56814818151429	3.342633528057533
584.0	98.55609680670081	3.3406233529410665
585.0	98.54404555379392	3.3386208608200896
586.0	98.53199441994387	3.336626029575691
587.0	98.51994340230091	3.3346388371220583
588.0	98.50789249801527	3.332659261406483
589.0	98.49584170423722	3.33068728040936
590.0	98.48379101811699	3.3287228721441844
591.0	98.47174043680482	3.326766014657555
592.0	98.45968995745099	3.324816686029172
593.0	98.44763957720573	3.3228748643718395
594.0	98.43558929321928	3.320940527831466
595.0	98.42353910264188	3.3190136545870534
596.0	98.4114890026238	3.3170942228507148
597.0	98.39943899031526	3.3151822108676634
598.0	98.38738906286653	3.3132775969162136
599.0	98.37533921742785	3.3113803593077806
600.0	98.36328945114947	3.309490476386887
601.0	98.35123976118163	3.307607926531153
602.0	98.33919014467457	3.305732688151304
603.0	98.32714059877856	3.3038647396911647
604.0	98.31509112064383	3.3020040596276647
605.0	98.30304170742062	3.3001506264708356
606.0	98.2909923562592	3.2983044187638098
607.0	98.2789430643098	3.296465415082825
608.0	98.26689382872266	3.294633594037217
609.0	98.25484464664807	3.292808934269429
610.0	98.24279551523622	3.290991414455002
611.0	98.23074643163739	3.2891810133025814
612.0	98.2186973930018	3.2873777095539154
613.0	98.20664839647974	3.2855814819838525
614.0	98.19459943922142	3.2837923094003467
615.0	98.1825505183771	3.2820101706444507
616.0	98.17050163109704	3.280235044590323
617.0	98.15845277453147	3.278466910145222
618.0	98.14640394583064	3.2767057462495086
619.0	98.13435514214478	3.2749515318766482
620.0	98.12230636062418	3.273204246033204
621.0	98.11025759841904	3.2714638677588486
622.0	98.09820885267965	3.26973037612635
623.0	98.08616012055622	3.268003750241582
624.0	98.07411139919903	3.2662839692435197
625.0	98.06206268575829	3.264571012304244
626.0	98.05001397738427	3.2628648586289297
627.0	98.03796527122722	3.2611654874558624
628.0	98.02591656443738	3.2594728780564264
629.0	98.01386785416499	3.2577870097351096
630.0	98.0018191375603	3.2561078618295016
631.0	97.98977041177358	3.2544354137102927
632.0	97.97772167395506	3.252769644781279
633.0	97.96567292125496	3.251110534479357
634.0	97.95362415082357	3.249458062274522
635.0	97.94157535981111	3.2478122076698783
636.0	97.92952654536785	3.24617295020163
637.0	97.917477704644	3.2445402694390815
638.0	97.90542883478984	3.24291414498464
639.0	97.89337993295561	3.2412945564738176
640.0	97.88133099629157	3.2396814835752266
641.0	97.86928202194794	3.238074905990584
642.0	97.85723300707497	3.2364748034547035
643.0	97.84518394882292	3.2348811557355077
644.0	97.83313484434203	3.233293942634018
645.0	97.82108569078254	3.2317131439843583
646.0	97.80903648529471	3.2301387396537566
647.0	97.79698722502879	3.2285707095425416
648.0	97.78493790713502	3.2270090335841437
649.0	97.77288852876364	3.2254536917450998
650.0	97.76083908706491	3.223904664025043
651.0	97.74878957918907	3.222361930456712
652.0	97.73674000228635	3.2208254711059485
653.0	97.72469035350703	3.2192952660716956
654.0	97.71264063000133	3.217771295486
655.0	97.70059082891953	3.216253539514006
656.0	97.68854094741185	3.214741978353968
657.0	97.67649098262854	3.2132365922372363
658.0	97.66444093171984	3.2117373614282654
659.0	97.652390791836	3.2102442662246125
660.0	97.64034056012727	3.208757286956937
661.0	97.62829023374393	3.2072764039890025
662.0	97.61623980983617	3.205801597717671
663.0	97.60418928555428	3.2043328485729106
664.0	97.59213865804848	3.20287013701779
665.0	97.58008792446904	3.201413443548478
666.0	97.56803708196618	3.199962748694251
667.0	97.55598612769016	3.198518033017484
668.0	97.54393505879123	3.1970792771136525
669.0	97.53188387241966	3.19564646161134
670.0	97.51983256572564	3.1942195671722295
671.0	97.50778113585947	3.1927985744911047
672.0	97.49572957997138	3.1913834642958543
673.0	97.4836778952116	3.1899742173474674
674.0	97.4716260787304	3.1885708144400353
675.0	97.459574127678	3.1871732364007532
676.0	97.44752203920467	3.185781464089918
677.0	97.43546981046066	3.1843954784009294
678.0	97.4234174385962	3.1830152602602872
679.0	97.41136492076157	3.181640790627597
680.0	97.39931225410696	3.1802720504955655
681.0	97.38725943578267	3.178909020889999
682.0	97.3752064629389	3.1775516828698085
683.0	97.36315333272594	3.176200017527009
684.0	97.35110004229402	3.1748540059867136
685.0	97.3390465887934	3.173513629407142
686.0	97.32699296937429	3.1721788689796133
687.0	97.31493918118699	3.1708497059285508
688.0	97.30288522138169	3.1695261215114794
689.0	97.29083108710867	3.1682080970190247
690.0	97.27877677551818	3.166895613774918
691.0	97.26672228376044	3.165588653135989
692.0	97.25466760898574	3.164287196492174
693.0	97.24261274834429	3.162991225266508
694.0	97.23055769898636	3.161700720915131
695.0	97.21850245806218	3.1604156649272834
696.0	97.20644702272199	3.1591360388253085
697.0	97.19439139011607	3.1578618241646508
698.0	97.18233555739462	3.156593002533862
699.0	97.17027952170794	3.15532955555459
700.0	97.15822328020624	3.154071464881586
701.0	97.14616683003979	3.1528187122027096
702.0	97.13411016835883	3.1515712792389166
703.0	97.12205329231358	3.1503291477442654
704.0	97.10999619905432	3.1490922995059174
705.0	97.09793888573128	3.1478607163441388
706.0	97.08588134949471	3.1466343801122965
707.0	97.07382358749487	3.14541327269686
708.0	97.061765596882	3.144197376017399
709.0	97.04970737480633	3.142986672026588
710.0	97.03764891841814	3.1417811427102036
711.0	97.02559022486764	3.1405807700871256
712.0	97.0135312913051	3.139385536209332
713.0	97.00147211488076	3.138195423161906
714.0	96.98941269274486	3.137010413063035
715.0	96.97735302204768	3.135830488064006
716.0	96.96529309993942	3.134655630349209
717.0	96.95323292357035	3.1334858221361355
718.0	96.94117249009074	3.1323210456753827
719.0	96.9291117966508	3.131161283250647
720.0	96.91705084040078	3.1300065171787255
721.0	96.90498961849094	3.128856729809522
722.0	96.89292812807153	3.1277119035260403
723.0	96.88086636629279	3.1265720207443883
724.0	96.86880433030497	3.1254370639137705
725.0	96.85674201725833	3.124307015516503
726.0	96.84467942430308	3.1231818580679973
727.0	96.83261654858948	3.1220615741167683
728.0	96.82055338726781	3.120946146244435
729.0	96.80848993748828	3.1198355570657172
730.0	96.79642619640114	3.118729789228436
731.0	96.78436216115666	3.117628825413521
732.0	96.77229782890508	3.1165326483349967
733.0	96.76023319679665	3.115441240739994
734.0	96.74816826198159	3.1143545854087447
735.0	96.73610302161016	3.1132726651545823
736.0	96.72403747283262	3.1121954628239434
737.0	96.7119716127992	3.111122961296369
738.0	96.69990543866017	3.110055143484499
739.0	96.68783894756574	3.108991992334078
740.0	96.6757721366662	3.1079334908239504
741.0	96.66370500311177	3.1068796219660664
742.0	96.6516375440527	3.1058303688054782
743.0	96.63956975663925	3.104785714420337
744.0	96.62750163802164	3.1037456419218965
745.0	96.61543318535016	3.1027101344545165
746.0	96.603364395775	3.101679175195658
747.0	96.59129526644645	3.100652747355882
748.0	96.57922579451476	3.099630834178852
749.0	96.56715597713016	3.098613418941338
750.0	96.5550858114429	3.0976004849532104
751.0	96.5430152946032	3.0965920155574356
752.0	96.53094442376134	3.0955879941300917
753.0	96.51887319606757	3.0945884040803526
754.0	96.50680160867212	3.0935932288505006
755.0	96.49472965872525	3.0926024519159148
756.0	96.4826573433772	3.0916160567850777
757.0	96.47058465977823	3.090634026999577
758.0	96.45851160507856	3.089656346134101
759.0	96.44643817642844	3.0886829977964374
760.0	96.43436437097814	3.0877139656274806
761.0	96.4222901858779	3.086749233301225
762.0	96.41021561827796	3.0857887845247696
763.0	96.39814066532857	3.084832603038312
764.0	96.38606532417998	3.083880672615158
765.0	96.37398959198244	3.0829329770617093
766.0	96.36191346588618	3.081989500217471
767.0	96.34983694304144	3.0810502259550536
768.0	96.3377600205985	3.0801151381801724
769.0	96.32568269570758	3.079184220831634
770.0	96.31360496551895	3.0782574578813606
771.0	96.30152682718284	3.077334833334369
772.0	96.28944827784953	3.076416331228776
773.0	96.2773693146692	3.0755019356358115
774.0	96.26528993479215	3.0745916306597953
775.0	96.25321013536862	3.073685400438158
776.0	96.24112991354883	3.0727832291414283
777.0	96.22904926648306	3.0718851009732404
778.0	96.21696819132154	3.0709910001703262
779.0	96.20488668521453	3.070100911002526
780.0	96.19280474531227	3.0692148177727763
781.0	96.180722368765	3.0683327048171214
782.0	96.16863955272296	3.067454556504704
783.0	96.15655629433641	3.0665803572377697
784.0	96.14447259075561	3.0657100914516695
785.0	96.13238843913078	3.0648437436148526
786.0	96.12030383661218	3.0639812982288737
787.0	96.10821878035006	3.0631227398283865
788.0	96.09613326749466	3.062268052981152
789.0	96.08404729519624	3.061417222288029
790.0	96.07196086060503	3.0605702323829806
791.0	96.05987396087127	3.059727067933071
792.0	96.04778659314525	3.0588877136384682
793.0	96.03569875457717	3.058052154232441
794.0	96.02361044231729	3.057220374481363
795.0	96.01152165351589	3.056392359184709
796.0	95.99943238532316	3.0555680931750557
797.0	95.98734263488937	3.054747561318081
798.0	95.97525239936479	3.0539307485125655
799.0	95.96316167589964	3.053117639690392
800.0	95.95107046164419	3.052308219816552
801.0	95.93897875374867	3.051502473889129
802.0	95.92688654936332	3.0507003869393143
803.0	95.91479384563841	3.0499019440314035
804.0	95.90270063972417	3.049107130262792
805.0	95.89060692877085	3.0483159307639722
806.0	95.8785127099287	3.0475283306985506
807.0	95.86641798034796	3.0467443152632256
808.0	95.85432273717889	3.045963869687804
809.0	95.84222697757173	3.0451869792351918
810.0	95.83013069867671	3.0444136292013995
811.0	95.81803389764413	3.0436438049155368
812.0	95.80593657162416	3.042877491739822
813.0	95.7938387177671	3.0421146750695662
814.0	95.7817403332232	3.04135534033319
815.0	95.76964141514267	3.040599472992216
816.0	95.75754196067578	3.0398470585412642
817.0	95.74544196697278	3.039098082508065
818.0	95.73334143118392	3.038352530453444
819.0	95.72124035045944	3.037610387971332
820.0	95.70913872194957	3.0368716406887626
821.0	95.69703654280458	3.0361362742658673
822.0	95.68493381017471	3.035404274395886
823.0	95.6728305212102	3.034675626805159
824.0	95.6607266730613	3.033950317253128
825.0	95.64862226287828	3.033228331532336
826.0	95.63651728781136	3.032509655468433
827.0	95.6244117450108	3.0317942749201645
828.0	95.61230563162682	3.0310821757793858
829.0	95.6001989448097	3.030373343971043
830.0	95.58809168170968	3.0296677654532
831.0	95.575983839477	3.028965426217013
832.0	95.5638754152619	3.0282663122867426
833.0	95.55176640621465	3.027570409719749
834.0	95.53965680948549	3.0268777046065023
835.0	95.52754662222465	3.026188183070568
836.0	95.51543584158239	3.0255018312686155
837.0	95.50332446470894	3.024818635390418
838.0	95.49121248875457	3.0241385816588493
839.0	95.47909991086952	3.023461656329886
840.0	95.46698672820403	3.0227878456926103
841.0	95.45487293790835	3.0221171360692014
842.0	95.44275853713275	3.0214495138149458
843.0	95.43064352302744	3.0207849653182284
844.0	95.41852789274267	3.0201234770005363
845.0	95.40641164342871	3.0194650353164625
846.0	95.3942947722358	3.0188096267537006
847.0	95.38217727631418	3.0181572378330443
848.0	95.37005915281411	3.0175078551083927
849.0	95.35794039888582	3.0168614651667487
850.0	95.34582101167956	3.0162180546282107
851.0	95.3337009883456	3.015577610145989
852.0	95.32158032603414	3.0149401184063853
853.0	95.30945902189546	3.0143055661288125
854.0	95.29733707307982	3.0136739400657797
855.0	95.28521447673744	3.013045227002905
856.0	95.27309123001858	3.0124194137589044
857.0	95.26096733007347	3.011796487185596
858.0	95.24884277405239	3.011176434167901
859.0	95.23671755910556	3.010559241623845
860.0	95.22459168238323	3.009944896504552
861.0	95.21246514103565	3.0093333857942492
862.0	95.20033793221307	3.0087246965102703
863.0	95.18821005306573	3.008118815703048
864.0	95.17608150074389	3.0075157304561144
865.0	95.1639522723978	3.006915427886109
866.0	95.15182236517768	3.0063178951427747
867.0	95.13969177623379	3.005723119408952
868.0	95.12756050271638	3.0051310879005846
869.0	95.1154285417757	3.0045417878667187
870.0	95.10329589056198	3.003955206589506
871.0	95.09116254622549	3.003371331384196
872.0	95.07902850591648	3.0027901495991456
873.0	95.06689376678518	3.0022116486158104
874.0	95.05475832598184	3.0016358158487466
875.0	95.0426221806567	3.001062638745617
876.0	95.03048532796002	3.0004921047871846
877.0	95.01834776504205	2.9999242014873158
878.0	95.00620948905302	2.9993589163929792
879.0	94.99407049714318	2.998796237084242
880.0	94.98193078646278	2.99823615117428
881.0	94.9697903541621	2.9976786463093674
882.0	94.95764919739133	2.997123710168882
883.0	94.94550731330077	2.996571330465302
884.0	94.93336469904061	2.996021494944211
885.0	94.92122135176113	2.995474191384292
886.0	94.90907726861259	2.994929407597334
887.0	94.89693244674523	2.994387131428222
888.0	94.88478688330926	2.9938473507549506
889.0	94.872640575455	2.9933100534886132
890.0	94.86049352033261	2.992775227573406
891.0	94.84834571509239	2.9922428609866265
892.0	94.83619715688458	2.991712941738674
893.0	94.82404784285943	2.9911854578730535
894.0	94.81189777016716	2.990660397466371
895.0	94.79974693595805	2.990137748628333
896.0	94.78759533738234	2.989617499501749
897.0	94.77544297159028	2.9890996382625312
898.0	94.7632898357321	2.988584153119698
899.0	94.75113592695804	2.9880710323153608
900.0	94.73898124241838	2.9875602641247427
901.0	94.72682577926334	2.9870518368561636
902.0	94.71466953464318	2.9865457388510497
903.0	94.70251250570813	2.986041958483924
904.0	94.69035468960848	2.9855404841624202
905.0	94.67819608349443	2.9850413043272637
906.0	94.66603668451623	2.98454440745229
907.0	94.65387648982416	2.984049782044437
908.0	94.64171549656844	2.983557416643739
909.0	94.62955370189931	2.9830672998233405
910.0	94.61739110296705	2.9825794201894786
911.0	94.60522769692189	2.9820937663815035
912.0	94.59306348091408	2.9816103270718615
913.0	94.58089845209385	2.9811290909661015
914.0	94.56873260761147	2.980650046802874
915.0	94.55656594461716	2.9801731833539336
916.0	94.54439846026119	2.979698489424142
917.0	94.53223015169381	2.9792259538514507
918.0	94.52006101606526	2.9787555655069267
919.0	94.50789105052576	2.9782873132947314
920.0	94.49572025222561	2.977821186152131
921.0	94.48354861831501	2.977357173049493
922.0	94.47137614594423	2.9768952629902907
923.0	94.45920283226351	2.9764354450110937
924.0	94.44702867442311	2.975977708181581
925.0	94.43485366957326	2.975522041604526
926.0	94.4226778148642	2.9750684344158125
927.0	94.41050110744621	2.9746168757844225
928.0	94.39832354446952	2.974167354912436
929.0	94.38614512308435	2.9737198610350486
930.0	94.37396584044099	2.973274383420541
931.0	94.36178569368965	2.972830911370311
932.0	94.3496046799806	2.972389434218847
933.0	94.3374227964641	2.97194994133375
934.0	94.32524004029035	2.971512422115716
935.0	94.31305640860965	2.971076865998549
936.0	94.30087189857221	2.9706432624491486
937.0	94.2886865073283	2.970211600967524
938.0	94.27650023202814	2.9697818710867807
939.0	94.26431306982201	2.9693540623731294
940.0	94.25212501786012	2.9689281644258836
941.0	94.23993607329275	2.9685041668774566
942.0	94.22774623327014	2.968082059393366
943.0	94.21555549494254	2.9676618316722356
944.0	94.20336385546017	2.967243473445786
945.0	94.1911713119733	2.9668269744788347
946.0	94.17897786163218	2.966412324569316
947.0	94.16678350158703	2.965999513548255
948.0	94.15458822898813	2.9655885312797867
949.0	94.1423920409857	2.9651793676611398
950.0	94.13019493473001	2.964772012622653
951.0	94.1179969073713	2.9643664561277654
952.0	94.10579795605982	2.963962688173019
953.0	94.0935980779458	2.9635606987880525
954.0	94.0813972701795	2.9631604780356136
955.0	94.06919552991116	2.962762016011548
956.0	94.05699285429102	2.962365302844808
957.0	94.04478924046936	2.961970328697446
958.0	94.0325846855964	2.9615770837646167
959.0	94.02037918682241	2.9611855582745754
960.0	94.0081727412976	2.9607957424886835
961.0	93.99596534617223	2.9604076267014023
962.0	93.98375699859656	2.960021201240292
963.0	93.97154769572083	2.959636456466022
964.0	93.95933743469529	2.9592533827723626
965.0	93.94712621267018	2.958871970586181
966.0	93.93491402679575	2.9584922103674547
967.0	93.92270087422227	2.9581140926092564
968.0	93.91048675209994	2.957737607837767
969.0	93.89827165757904	2.957362746612262
970.0	93.8860555878098	2.9569894995251254
971.0	93.8738385399425	2.9566178572018473
972.0	93.86162051112734	2.956247810301009
973.0	93.8494014985146	2.955879349514302
974.0	93.83718149925451	2.9555124655665197
975.0	93.82496051049733	2.955147149215555
976.0	93.8127385293933	2.954783391252406
977.0	93.80051555309267	2.954421182501169
978.0	93.78829157874569	2.9540605138190488
979.0	93.77606660350258	2.9537013760963453
980.0	93.76384062451362	2.9533437602564647
981.0	93.75161363892904	2.952987657255921
982.0	93.73938564389911	2.952633058084318
983.0	93.72715663657405	2.9522799537643722
984.0	93.71492661410412	2.951928335351899
985.0	93.70269557363956	2.951578193935815
986.0	93.69046351233061	2.951229520638139
987.0	93.67823042732753	2.9508823066139955
988.0	93.66599631578057	2.9505365430516073
989.0	93.65376117483997	2.9501922211723035
990.0	93.64152500165599	2.9498493322305124
991.0	93.62928779337886	2.9495078675137676
992.0	93.61704954715883	2.949167818342699
993.0	93.60481026014614	2.9488291760710448
994.0	93.59256992949105	2.948491932085642
995.0	93.5803285523438	2.948156077806435
996.0	93.56808612585465	2.9478216046864647
997.0	93.55584264717383	2.9474885042118784
998.0	93.54359811345161	2.947156767901922
999.0	93.5313525218382	2.9468263873089504
1000.0	93.51910586948387	2.9464973540184087
1001.0	93.50685815353887	2.946169659648857
1002.0	93.49460937115344	2.945843295851952
1003.0	93.48235951947782	2.945518254312453
1004.0	93.47010859566228	2.9451945267482205
1005.0	93.45785659685706	2.9448721049102207
1006.0	93.44560352021239	2.9445509805825196
1007.0	93.43334936287852	2.9442311455822883
1008.0	93.4210941220057	2.9439125917597933
1009.0	93.40883779474417	2.943595310998411
1010.0	93.39658037824421	2.943279295214617
1011.0	93.38432186965603	2.9429645363579917
1012.0	93.3720622661299	2.942651026411213
1013.0	93.35980156481607	2.942338757390065
1014.0	93.34753976286476	2.942027721343434
1015.0	93.33527685742624	2.9417179103533044
1016.0	93.32301284565074	2.941409316534769
1017.0	93.31074772468851	2.9411019320360166
1018.0	93.29848149168981	2.940795749038347
1019.0	93.28621414380488	2.940490759756154
1020.0	93.27394567818396	2.940186956436937
1021.0	93.26167609197734	2.9398843313612986
1022.0	93.2494053823352	2.9395828768429433
1023.0	93.23713354640782	2.939282585228676
1024.0	93.22486058134544	2.938983448898404
1025.0	93.21258648429831	2.938685460265141
1026.0	93.20031125241668	2.9383886117749993
1027.0	93.1880348828508	2.938092895907194
1028.0	93.17575737275091	2.937798305174043
1029.0	93.16347871926727	2.937504832120967
1030.0	93.15119891955011	2.93721246932649
1031.0	93.13891797074969	2.936921209402236
1032.0	93.12663587001623	2.93663104499293
1033.0	93.1143526145	2.936341968776405
1034.0	93.10206820135126	2.9360539734635904
1035.0	93.08978262772024	2.9357670517985204
1036.0	93.07749589075719	2.935481196558333
1037.0	93.06520798761234	2.9351964005532674
1038.0	93.05291891543597	2.9349126566266674
1039.0	93.04062867137829	2.93462995765497
1040.0	93.02833725258958	2.9343482965477268
1041.0	93.01604465622006	2.934067666247583
1042.0	93.00375087942	2.93378805973029
1043.0	92.99145591933963	2.933509470004701
1044.0	92.97915977312921	2.9332318901127707
1045.0	92.96686243793899	2.9329553131295563
1046.0	92.95456391091918	2.9326797321632228
1047.0	92.94226418922007	2.9324051403550255
1048.0	92.92996326999189	2.9321315308793316
1049.0	92.91766115038489	2.931858896943608
1050.0	92.90535782754932	2.931587231788425
1051.0	92.89305329863541	2.9313165286874527
1052.0	92.88074756079344	2.931046780947467
1053.0	92.86844061117363	2.930777981908344
1054.0	92.85613244692622	2.93051012494306
1055.0	92.84382306520148	2.930243203457696
1056.0	92.83151246314964	2.9299772108914377
1057.0	92.81920063792096	2.929712140716568
1058.0	92.80688758666567	2.929447986438477
1059.0	92.79457330653403	2.929184741595655
1060.0	92.78225779467631	2.928922399759694
1061.0	92.76994104824271	2.9286609545352884
1062.0	92.75762306438351	2.9284003995602346
1063.0	92.74530384024894	2.928140728505436
1064.0	92.73298337298925	2.9278819350748906
1065.0	92.72066165975468	2.927624013005704
1066.0	92.70833869769551	2.927366956068082
1067.0	92.69601448396195	2.9271107580653353
1068.0	92.68368901570427	2.9268554128338735
1069.0	92.6713622900727	2.926600914243214
1070.0	92.6590343042175	2.9263472561959687
1071.0	92.64670505528889	2.9260944326278526
1072.0	92.63437454043716	2.9258424375076943
1073.0	92.62204275681253	2.9255912648374105
1074.0	92.60970970156525	2.925340908652032
1075.0	92.59737537184559	2.9250913630196806
1076.0	92.58503976480375	2.9248426220415897
1077.0	92.57270287759	2.9245946798520936
1078.0	92.56036470735461	2.92434753061862
1079.0	92.5480252512478	2.9241011685417133
1080.0	92.53568450641981	2.9238555878550065
1081.0	92.52334247002092	2.9236107828252456
1082.0	92.51099913920135	2.9233667477522713
1083.0	92.49865451111137	2.9231234769690344
1084.0	92.4863085829012	2.922880964841578
1085.0	92.4739613517211	2.9226392057690567
1086.0	92.4616128147213	2.9223981941837236
1087.0	92.44926296905209	2.922157924550931
1088.0	92.43691181186367	2.921918391369141
1089.0	92.4245593403063	2.9216795891699108
1090.0	92.41220555153025	2.921441512517903
1091.0	92.39985044268576	2.921204156010884
1092.0	92.38749401092305	2.920967514279726
1093.0	92.37513625339238	2.92073158198839
1094.0	92.36277716724402	2.92049635383395
1095.0	92.35041674962818	2.9202618245465812
1096.0	92.33805499769514	2.9200279888895624
1097.0	92.32569190859512	2.919794841659268
1098.0	92.31332747947839	2.9195623776851862
1099.0	92.30096170749519	2.9193305918298926
1100.0	92.28859458979575	2.9190994789890783
1101.0	92.27622612353034	2.918869034091531
1102.0	92.26385630584919	2.9186392520991373
1103.0	92.25148513390255	2.918410128006894
1104.0	92.23911260484068	2.9181816568428953
1105.0	92.22673871581381	2.91795383366834
1106.0	92.21436346397222	2.9177266535775277
1107.0	92.2019868464661	2.9175001116978585
1108.0	92.18960886044574	2.917274203189839
1109.0	92.17722950306138	2.9170489232470755
1110.0	92.16484877146326	2.916824267096276
1111.0	92.15246666280163	2.9166002299972527
1112.0	92.14008317422673	2.9163768072429206
1113.0	92.12769830288882	2.916153994159295
1114.0	92.11531204593815	2.9159317861054967
1115.0	92.10292440052496	2.9157101784737427
1116.0	92.09053536379946	2.9154891666893614
1117.0	92.07814493291195	2.915268746210772
1118.0	92.06575310501267	2.915048912529508
1119.0	92.05335987725185	2.9148296611701965
1120.0	92.04096524677973	2.9146109876905695
1121.0	92.02856921074658	2.914392887681463
1122.0	92.01617176630265	2.9141753567668154
1123.0	92.00377291059816	2.913958390603667
1124.0	91.99137264078337	2.9137419848821566
1125.0	91.97897095400852	2.9135261353255286
1126.0	91.96656784742386	2.9133108376901324
1127.0	91.95416331817965	2.913096087765414
1128.0	91.94175736342613	2.9128818813739277
1129.0	91.92934998031355	2.912668214371324
1130.0	91.91694116599214	2.9124550826463604
1131.0	91.90453091761216	2.912242482120898
1132.0	91.89211923232386	2.912030408749891
1133.0	91.87970610727749	2.911818858521405
1134.0	91.86729153962328	2.911607827456607
1135.0	91.85487552651148	2.911397311609764
1136.0	91.84245806509236	2.9111873070682437
1137.0	91.83003915251614	2.9109778099525205
1138.0	91.81761878593309	2.9107688164161654
1139.0	91.80519696249343	2.9105603226458636
1140.0	91.79277367934743	2.910352324861387
1141.0	91.78034893364531	2.910144819315618
1142.0	91.76792272253736	2.90993780229454
1143.0	91.7554950431738	2.9097312701172413
1144.0	91.74306589270486	2.909525219135911
1145.0	91.73063526828082	2.9093196457358386
1146.0	91.71820316705191	2.9091145463354167
1147.0	91.70576958616839	2.9089099173861466
1148.0	91.69333452278048	2.908705755372616
1149.0	91.68089797403846	2.908502056812533
1150.0	91.66845993709254	2.908298818256698
1151.0	91.656020409093	2.9080960362890123
1152.0	91.64357938719007	2.9078937075264877
1153.0	91.63113686853403	2.9076918286192335
1154.0	91.61869285027507	2.9074903962504606
1155.0	91.60624732956347	2.9072894071364823
1156.0	91.59380030354947	2.907088858026715
1157.0	91.58135176938332	2.9068887457036805
1158.0	91.56890172421527	2.9066890669829966
1159.0	91.55645016519556	2.9064898187133874
1160.0	91.54399708947444	2.9062909977766807
1161.0	91.53154249420218	2.9060926010878037
1162.0	91.51908637652899	2.9058946255947875
1163.0	91.50662873360513	2.905697068278766
1164.0	91.49416956258084	2.905499926153969
1165.0	91.48170886060637	2.9053031962677385
1166.0	91.46924662483198	2.9051068757005143
1167.0	91.45678285240791	2.904910961565839
1168.0	91.44431754048442	2.9047154510103548
1169.0	91.43185068621173	2.9045203412138085
1170.0	91.4193822867401	2.904325629389055
1171.0	91.40691233921979	2.9041313127820403
1172.0	91.39444084080102	2.9039373886718183
1173.0	91.38196778863406	2.9037438543705454
1174.0	91.36949317986912	2.903550707223482
1175.0	91.35701701165651	2.9033579446089894
1176.0	91.34453928114644	2.9031655639385283
1177.0	91.33205998548914	2.902973562656666
1178.0	91.31957912183488	2.9027819382410702
1179.0	91.30709668733391	2.902590688202511
1180.0	91.29461267913646	2.9023998100848605
1181.0	91.28212709439279	2.902209301465091
1182.0	91.26963993025313	2.9020191599532854
1183.0	91.25715118386776	2.9018293831926183
1184.0	91.24466085238691	2.9016399688593744
1185.0	91.23216893296083	2.9014509146629366
1186.0	91.21967542273974	2.9012622183457966
1187.0	91.20718031887392	2.9010738776835345
1188.0	91.1946836185136	2.900885890484846
1189.0	91.18218531880903	2.900698254591523
1190.0	91.16968541691047	2.9005109678784633
1191.0	91.15718390996814	2.9003240282536633
1192.0	91.14468079513233	2.9001374336582266
1193.0	91.13217606955324	2.899951182066354
1194.0	91.11966973038113	2.8997652714853497
1195.0	91.10716177476627	2.8995796999556225
1196.0	91.09465219985888	2.8993944655506807
1197.0	91.08214100280922	2.89920956637714
1198.0	91.06962818076754	2.8990250005747096
1199.0	91.05711373088407	2.8988407663162126
1200.0	91.04459765030909	2.898656861807564
1201.0	91.03207993619282	2.898473285287787
1202.0	91.0195605856855	2.8982900350290057
1203.0	91.00703959593739	2.8981071093364443
1204.0	90.99451696409875	2.8979245065484314
1205.0	90.98199268731979	2.897742225036399
1206.0	90.9694667627508	2.8975602632048787
1207.0	90.956939187542	2.897378619491512
1208.0	90.94440995884366	2.8971972923670304
1209.0	90.931879073806	2.8970162803352766
1210.0	90.91934652957927	2.89683558193319
1211.0	90.90681232331373	2.8966551957308195
1212.0	90.89427645215963	2.8964751203313095
1213.0	90.8817389132672	2.8962953543709116
1214.0	90.86919970378669	2.896115896518978
1215.0	90.85665882086838	2.8959367454779605
1216.0	90.84411626166246	2.8957578999834173
1217.0	90.83157202331923	2.895579358804007
1218.0	90.8190261029889	2.8954011207414894
1219.0	90.80647849782173	2.895223184630729
1220.0	90.79392920496797	2.8950455493396943
1221.0	90.78137822157787	2.8948682137694464
1222.0	90.76882554480167	2.8946911768541637
1223.0	90.75627117178962	2.8945144375611127
1224.0	90.74371509969197	2.8943379948906753
1225.0	90.73115732565896	2.894161847876325
1226.0	90.71859784684082	2.8939859955846408
1227.0	90.70603666038784	2.8938104371153046
1228.0	90.69347376345023	2.8936351716011046
1229.0	90.68090915317825	2.893460198207924
1230.0	90.66834282672215	2.8932855161347555
1231.0	90.65577478123218	2.893111124613684
1232.0	90.64320501385859	2.892937022909913
1233.0	90.6306335217516	2.892763210321732
1234.0	90.61806030206148	2.892589686180539
1235.0	90.60548535193847	2.8924164498508373
1236.0	90.59290866853281	2.8922435007302303
1237.0	90.58033024899478	2.8920708382494196
1238.0	90.56775009047459	2.8918984618722186
1239.0	90.55516819012252	2.8917263710955363
1240.0	90.54258454508877	2.8915545654493857
1241.0	90.52999915252362	2.8913830444968767
1242.0	90.51741200957731	2.8912118078342317
1243.0	90.50482311340009	2.8910408550907682
1244.0	90.49223246114221	2.890870185928905
1245.0	90.4796400499539	2.89069980004417
1246.0	90.46704587698544	2.890529697165189
1247.0	90.45444993938703	2.8903598770536933
1248.0	90.44185223430895	2.890190339504512
1249.0	90.42925275890146	2.8900210843455745
1250.0	90.41665151031476	2.8898521114379223
1251.0	90.40404848569914	2.8896834206756896
1252.0	90.39144368220481	2.88951501198612
1253.0	90.37883709698205	2.8893468853295574
1254.0	90.36622872718111	2.8891790406994424
1255.0	90.3536185699522	2.8890114781223266
1256.0	90.3410066224456	2.888844197657859
1257.0	90.32839288181154	2.8886771993987876
1258.0	90.31577734520027	2.88851048347097
1259.0	90.30316000976204	2.8883440500333646
1260.0	90.2905408726471	2.888177899278029
1261.0	90.27791993100568	2.8880120314301254
1262.0	90.26529718198806	2.8878464467479166
1263.0	90.25267262274446	2.887681145522769
1264.0	90.24004625042512	2.887516128079152
1265.0	90.22741806218032	2.887351394774636
1266.0	90.21478805516027	2.887186945999892
1267.0	90.20215622651524	2.887022782178699
1268.0	90.18952257339548	2.886858903767933
1269.0	90.17688709295122	2.8866953112575726
1270.0	90.16424978233273	2.886532005170702
1271.0	90.15161063869024	2.8863689860635104
1272.0	90.13896965917398	2.886206254525275
1273.0	90.12632684093423	2.8860438111783924
1274.0	90.11368218112122	2.8858816566783547
1275.0	90.1010356768852	2.8857197917137523
1276.0	90.08838732537642	2.885558217006284
1277.0	90.07573712374511	2.8853969333107483
1278.0	90.06308506914156	2.8852359414150457
1279.0	90.05043115871598	2.8850752421401844
1280.0	90.03777538961862	2.884914836340264
1281.0	90.02511775899973	2.8847547249024923
1282.0	90.01245826400955	2.8845949087471845
1283.0	89.99979690179835	2.8844353888277494
1284.0	89.98713366951635	2.884276166130704
1285.0	89.97446856431382	2.8841172416756655
1286.0	89.961801583341	2.883958616515352
1287.0	89.94913272374814	2.8838002917355934
1288.0	89.93646198268546	2.8836422684553047
1289.0	89.92378935730324	2.8834845478265163
1290.0	89.9111148447517	2.8833271310343567
1291.0	89.89843844218112	2.8831700192970575
1292.0	89.88576014674172	2.883013213865953
1293.0	89.87307995558376	2.882856716025482
1294.0	89.86039786585748	2.882700527093178
1295.0	89.84771387471312	2.8825446484196866
1296.0	89.83502797930095	2.8823890813887476
1297.0	89.82234017677119	2.8822338274172075
1298.0	89.80965046427411	2.882078887955011
1299.0	89.79695883895995	2.881924264485212
1300.0	89.78426529797895	2.881769958523964
1301.0	89.77156983848137	2.881615971620517
1302.0	89.75887245761743	2.8814623053572377
1303.0	89.74617315253741	2.8813089613495735
1304.0	89.73347192039154	2.8811559412460896
1305.0	89.72076875833005	2.8810032467284548
1306.0	89.70806366350322	2.880850879511435
1307.0	89.6953566330613	2.880698841342893
1308.0	89.6826476641545	2.8805471340038076
1309.0	89.6699367539331	2.880395759308246
1310.0	89.65722389954732	2.880244719103391
1311.0	89.64450909814742	2.880094015269512
1312.0	89.63179234688366	2.8799436497199915
1313.0	89.61907364290626	2.879793624401318
1314.0	89.6063529833655	2.879643941293073
1315.0	89.59363036541158	2.8794946024079437
1316.0	89.58090578619482	2.8793456097917205
1317.0	89.56817924286538	2.8791969655232927
1318.0	89.55545073257358	2.8790486717146626
1319.0	89.5427202524696	2.878900730510918
1320.0	89.52998779970375	2.8787531440902647
1321.0	89.51725337142625	2.8786059146639977
1322.0	89.50451696478734	2.878459044476525
1323.0	89.49177857693726	2.8783125358053536
1324.0	89.47903820502631	2.8781663909610926
1325.0	89.46629584620467	2.878020612287445
1326.0	89.45355149762263	2.8778752021612335
1327.0	89.4408051564304	2.8777301629923695
1328.0	89.42805681977826	2.877585497223871
1329.0	89.41530648481645	2.8774412073318554
1330.0	89.40255414869522	2.877297295825548
1331.0	89.38979980856479	2.877153765247275
1332.0	89.37704346157545	2.877010618172462
1333.0	89.36428510487741	2.8768678572096396
1334.0	89.35152473562093	2.876725485000437
1335.0	89.33876235095626	2.87658350421959
1336.0	89.32599794803363	2.8764419175749327
1337.0	89.31323152400333	2.8763007278074078
1338.0	89.30046307601555	2.876159937691056
1339.0	89.28769260122058	2.876019550033014
1340.0	89.27492009676867	2.875879567673535
1341.0	89.26214555981002	2.875739993485969
1342.0	89.24936898749492	2.875600830376759
1343.0	89.2365903769736	2.875462081285461
1344.0	89.22380972539631	2.8753237491847283
1345.0	89.2110270299133	2.875185837080322
1346.0	89.19824228767482	2.8750483480111
1347.0	89.18545549583109	2.874911285049028
1348.0	89.17266665153241	2.8747746512991617
1349.0	89.15987575192896	2.8746384498996798
1350.0	89.14708279417104	2.874502684021842
1351.0	89.13428777540888	2.874367356870022
1352.0	89.12149069279272	2.8742324716816916
1353.0	89.10869154347282	2.874098031727431
1354.0	89.09589032459941	2.8739640403109186
1355.0	89.08308703332276	2.8738305007689315
1356.0	89.07028166679311	2.8736974164713547
1357.0	89.05747422216068	2.873564790821179
1358.0	89.04466469657574	2.873432627254481
1359.0	89.03185308718854	2.873300929240461
1360.0	89.0190393911493	2.8731697002814043
1361.0	89.00622360560831	2.8730389439127126
1362.0	88.99340572771581	2.872908663702874
1363.0	88.98058575462201	2.872778863253495
1364.0	88.96776368347719	2.8726495461992787
1365.0	88.95493951143159	2.8725207162080255
1366.0	88.94211323563545	2.8723923769806374
1367.0	88.92928485323901	2.872264532251132
1368.0	88.91645436139252	2.8721371857866145
1369.0	88.90362175724624	2.8720103413873006
1370.0	88.89078703795042	2.8718840028865027
1371.0	88.87795020065532	2.8717581741506457
1372.0	88.86511124251113	2.871632859079248
1373.0	88.85227016066814	2.8715080616049273
1374.0	88.8394269522766	2.871383785693414
1375.0	88.82658161448673	2.871260035343531
1376.0	88.8137341444488	2.871136814587214
1377.0	88.80088453931305	2.8710141274894907
1378.0	88.78803279622973	2.8708919781484945
1379.0	88.77517891234909	2.8707703706954653
1380.0	88.76232288482136	2.870649309294742
1381.0	88.74946471079679	2.8705287981437633
1382.0	88.73660438742564	2.8704088414730737
1383.0	88.72374191185816	2.870289443546322
1384.0	88.71087728124458	2.870170608660254
1385.0	88.69801049273516	2.870052341144721
1386.0	88.68514154348014	2.869934645362681
1387.0	88.67227043062978	2.869817525710183
1388.0	88.6593971513343	2.8697009866163854
1389.0	88.64652170274397	2.8695850325435504
1390.0	88.63364408200903	2.8694696679870404
1391.0	88.62076428627972	2.8693548974753176
1392.0	88.6078823127063	2.869240725569951
1393.0	88.59499815843901	2.8691271568656065
1394.0	88.58211182062811	2.869014195990063
1395.0	88.56922329642383	2.8689018476041896
1396.0	88.55633258297641	2.8687901164019705
1397.0	88.54343967743611	2.8686790071104675
1398.0	88.53054457695319	2.8685685244898766
1399.0	88.51764727867787	2.8684586733334774
1400.0	88.50474777976041	2.868349458467656
1401.0	88.49184607735106	2.8682408847518985
1402.0	88.47894216860007	2.8681329570787955
1403.0	88.46603605065768	2.8680256803740396
1404.0	88.45312772067413	2.867919059596429
1405.0	88.44021717579967	2.8678130997378584
1406.0	88.42730441318457	2.8677078058233265
1407.0	88.41438942997904	2.867603182910936
1408.0	88.40147222333334	2.8674992360918914
1409.0	88.38855279039774	2.867395970490503
1410.0	88.37563112832248	2.867293391264176
1411.0	88.36270723425778	2.867191503603425
1412.0	88.3497811053539	2.8670903127318623
1413.0	88.33685273876108	2.866989823906198
1414.0	88.3239221316296	2.8668900424162618
1415.0	88.31098928110967	2.8667909735849637
1416.0	88.29805418435156	2.8666926227683356
1417.0	88.2851168385055	2.8665949953554946
1418.0	88.27217724072176	2.866498096768677
1419.0	88.25923538815056	2.8664019324632073
1420.0	88.24629127794215	2.866306507927518
1421.0	88.23334490724679	2.8662118286831424
1422.0	88.22039627321473	2.8661179002847255
1423.0	88.2074453729962	2.8660247283199953
1424.0	88.19449220374146	2.8659323184098056
1425.0	88.18153676260077	2.8658406762080912
1426.0	88.16857904672435	2.865749807401903
1427.0	88.15561905326246	2.865659717711392
1428.0	88.14265677936534	2.865570412889803
1429.0	88.12969222218324	2.8654818987234894
1430.0	88.1167253788664	2.865394181031911
1431.0	88.10375624656508	2.8653072656676257
1432.0	88.09078482242953	2.8652211585162957
1433.0	88.07781110361	2.865135865496672
1434.0	88.06483508725671	2.8650513925606353
1435.0	88.05185677051992	2.8649677456931473
1436.0	88.0388761505499	2.8648849309122753
1437.0	88.02589322449685	2.864802954269189
1438.0	88.01290798951105	2.8647218218481685
1439.0	87.99992044274275	2.86464153976659
1440.0	87.98693058134218	2.8645621141749293
1441.0	87.97393840245962	2.864483551256771
1442.0	87.96094390324527	2.864405857228801
1443.0	87.94794708084939	2.8643290383407956
1444.0	87.93494793242225	2.8642531008756515
1445.0	87.92194645511408	2.8641780511493597
1446.0	87.90894264607513	2.864103895511007
1447.0	87.89593650245564	2.8640306403427935
1448.0	87.88292802140586	2.863958292060015
1449.0	87.86991720007607	2.863886857111074
1450.0	87.85690403561647	2.8638163419774716
1451.0	87.8438885251773	2.8637467531738126
1452.0	87.83087066590886	2.863678097247803
1453.0	87.81785045496136	2.863610380780254
1454.0	87.80482788948507	2.8635436103850753
1455.0	87.7918029666302	2.863477792709284
1456.0	87.77877568354704	2.8634129344329935
1457.0	87.7657460373858	2.8633490422694226
1458.0	87.75271402529674	2.8632861229648987
1459.0	87.73967964443013	2.8632241832988314
1460.0	87.72664289193618	2.863163230083758
1461.0	87.71360376496516	2.8631032701653027
1462.0	87.7005622606673	2.863044310422198
1463.0	87.68751837619287	2.8629863577662733
1464.0	87.67447210869211	2.862929419142464
1465.0	87.66142345531526	2.862873501528815
1466.0	87.64837241321256	2.8628186119364587
1467.0	87.63531897953426	2.862764757409635
1468.0	87.62226315143062	2.862711945025694
1469.0	87.60920492605189	2.862660181895079
1470.0	87.59614430054827	2.8626094751613405
1471.0	87.58308127207007	2.8625598320011285
1472.0	87.57001583776754	2.862511259624199
1473.0	87.55694799479086	2.862463765273407
1474.0	87.54387774029033	2.8624173562247073
1475.0	87.53080507141617	2.8623720397871684
1476.0	87.51772998531864	2.8623278233029468
1477.0	87.50465247914798	2.862284714147309
1478.0	87.49157255005446	2.8622427197286235
1479.0	87.47849019518829	2.8622018474883637
1480.0	87.46540541169975	2.8621621049010977
1481.0	87.45231819673907	2.8621234994745017
1482.0	87.43922854745651	2.8620860387493514
1483.0	87.42613646100229	2.862049730299528
1484.0	87.41304193452667	2.8620145817320117
1485.0	87.39994496517991	2.8619806006868846
1486.0	87.38684555011224	2.8619477948373393
1487.0	87.37374368647393	2.8619161718896566
1488.0	87.36063937141522	2.861885739583235
1489.0	87.34753260208633	2.8618565056905663
1490.0	87.33442337563753	2.8618284780172414
1491.0	87.32131168921906	2.861801664401962
1492.0	87.30819753998117	2.8617760727165273
1493.0	87.2950809250741	2.8617517108658435
1494.0	87.28196184164811	2.8617285867879088
1495.0	87.26884028685345	2.861706708453838
1496.0	87.25571625784036	2.861686083867835
1497.0	87.24258975175907	2.861666721067219
1498.0	87.22946076575984	2.861648628122395
1499.0	87.21632929699291	2.8616318131368828
1500.0	87.20319534260855	2.8616162842473045
1501.0	87.19005889975699	2.8616020496233805
1502.0	87.17691996558848	2.861589117467932
1503.0	87.16377853725328	2.861577496016889
1504.0	87.15063461190161	2.861567193539275
1505.0	87.13748818668373	2.861558218337227
1506.0	87.12433925874988	2.8615505787459727
1507.0	87.11118782525031	2.8615442831338487
1508.0	87.09803388333529	2.8615393399022926
1509.0	87.08487743015503	2.8615357574858487
1510.0	87.0717184628598	2.861533544352151
1511.0	87.05855697859985	2.861532709001952
1512.0	87.04539297452541	2.861533259969094
1513.0	87.03222644778674	2.8615352058205303
1514.0	87.01905739553409	2.8615385551563026
1515.0	87.00588581491769	2.861543316609579
1516.0	86.99271170308779	2.8615494988466077
1517.0	86.97953505719465	2.861557110566747
1518.0	86.96635587438851	2.8615661605024636
1519.0	86.95317415181964	2.8615766574193167
1520.0	86.93998988663824	2.8615886101159727
1521.0	86.92680307599458	2.861602027424199
1522.0	86.91361371703891	2.861616918208865
1523.0	86.90042180692147	2.861633291367947
1524.0	86.88722734279253	2.8616511558325173
1525.0	86.87403032180231	2.86167052056675
1526.0	86.86083074110107	2.861691394567932
1527.0	86.84762859783905	2.8617137868664395
1528.0	86.83442388916649	2.861737706525763
1529.0	86.82121661223366	2.861763162642483
1530.0	86.8080067641908	2.8617901643462904
1531.0	86.79479434218813	2.861818720799976
1532.0	86.78157934337591	2.861848841199433
1533.0	86.76836176490443	2.8618805347736616
1534.0	86.75514160392389	2.861913810784758
1535.0	86.74191885758454	2.8619486785279236
1536.0	86.72869352303664	2.861985147331459
1537.0	86.71546559743042	2.862023226556771
1538.0	86.70223507791616	2.862062925598363
1539.0	86.68900196164407	2.8621042538838544
1540.0	86.67576624576441	2.862147220873948
1541.0	86.66252792742745	2.862191836062462
1542.0	86.64928700378341	2.8622381089763147
1543.0	86.63604347198255	2.862286049175527
1544.0	86.6227973291751	2.8623356662532173
1545.0	86.60954857251132	2.862386969835609
1546.0	86.59629719914145	2.8624399695820317
1547.0	86.58304320621575	2.8624946751849123
1548.0	86.56978659088446	2.8625510963697804
1549.0	86.55652735029781	2.8626092428952723
1550.0	86.5432654816061	2.8626691245531215
1551.0	86.53000098195952	2.8627307511681703
1552.0	86.51673384850832	2.862794132598353
1553.0	86.50346407840279	2.862859278734714
1554.0	86.49019166879313	2.8629261995013953
1555.0	86.47691661682961	2.862994904855651
1556.0	86.46363891966249	2.8630654047878283
1557.0	86.45035857444198	2.863137709321376
1558.0	86.43707557831837	2.863211828512852
1559.0	86.42378992844188	2.863287772451916
1560.0	86.41050162196277	2.8633655512613205
1561.0	86.39721065603125	2.863445175096928
1562.0	86.38391702779762	2.8635266541477034
1563.0	86.3706207344121	2.863609998635716
1564.0	86.35732177302494	2.8636952188161287
1565.0	86.3440201407864	2.863782324977211
1566.0	86.33071583484669	2.8638713274403442
1567.0	86.3174088523561	2.8639622365599977
1568.0	86.30409919046484	2.8640550627237458
1569.0	86.29078684632319	2.8641498163522767
1570.0	86.27747181708136	2.864246507899369
1571.0	86.26415409988964	2.8643451478519024
1572.0	86.25083369189825	2.8644457467298725
1573.0	86.23751059025746	2.864548315086364
1574.0	86.22418479211748	2.8646528635075703
1575.0	86.21085629462858	2.86475940261279
1576.0	86.197525094941	2.8648679430544073
1577.0	86.184191190205	2.864978495517929
1578.0	86.17085457757081	2.8650910707219523
1579.0	86.1575152541887	2.865205679418183
1580.0	86.14417321720887	2.8653223323914294
1581.0	86.13082846378164	2.8654410404595914
1582.0	86.11748099105719	2.8655618144736885
1583.0	86.1041307961858	2.8656846653178296
1584.0	86.0907778763177	2.865809603909225
1585.0	86.07742222860315	2.8659366411982012
1586.0	86.0640638501924	2.866065788168171
1587.0	86.05070273823569	2.866197055835659
1588.0	86.03733888988324	2.8663304552502904
1589.0	86.02397230228537	2.8664659974947875
1590.0	86.01060297259227	2.8666036936849864
1591.0	85.99723089795418	2.8667435549698097
1592.0	85.98385607552137	2.8668855925312995
1593.0	85.97047850244408	2.8670298175845845
1594.0	85.95709817587256	2.867176241377904
1595.0	85.94371509295706	2.867324875192605
1596.0	85.93032925084783	2.8674757303431258
1597.0	85.91694064669511	2.8676288181770127
1598.0	85.90354927764913	2.867784150074913
1599.0	85.89015514086016	2.867941737450578
1600.0	85.87675823347844	2.8681015917508548
1601.0	85.86335855265422	2.868263724455705
1602.0	85.84995609553775	2.8684281470781796
1603.0	85.83655085927926	2.8685948711644436
1604.0	85.82314284102904	2.8687639082937557
1605.0	85.80973203793727	2.868935270078479
1606.0	85.79631844715425	2.8691089681640833
1607.0	85.7829020658302	2.869285014229133
1608.0	85.76948289111537	2.8694634199852973
1609.0	85.75606092016002	2.8696441971773536
1610.0	85.7426361501144	2.8698273575831825
1611.0	85.72920857812873	2.8700129130137495
1612.0	85.7157782013533	2.870200875313147
1613.0	85.70234501693831	2.8703912563585483
1614.0	85.68890902203404	2.870584068060249
1615.0	85.67547021379072	2.870779322361628
1616.0	85.66202858935858	2.870977031239173
1617.0	85.64858414588792	2.8711772067024834
1618.0	85.63513688052895	2.871379860794248
1619.0	85.62168679043191	2.8715850055902674
1620.0	85.60823387274708	2.8717926531994356
1621.0	85.59477812462467	2.8720028157637567
1622.0	85.58131954321496	2.872215505458339
1623.0	85.56785812566815	2.872430734491379
1624.0	85.55439386913454	2.872648515104187
1625.0	85.54092677076436	2.8728688595711795
1626.0	85.52745682770784	2.873091780199869
1627.0	85.51398403711524	2.8733172893308687
1628.0	85.50050839613682	2.8735453993378965
1629.0	85.4870299019228	2.8737761226277714
1630.0	85.47354855162344	2.874009471640414
1631.0	85.46006434238897	2.874245458848853
1632.0	85.44657727136968	2.8744840967592102
1633.0	85.43308733571577	2.874725397910718
1634.0	85.41959453257752	2.8749693748757092
1635.0	85.40609885910517	2.875216040259613
1636.0	85.39260031244895	2.8754654067009735
1637.0	85.37909888975912	2.8757174868714253
1638.0	85.36559458818593	2.875972293475707
1639.0	85.35208740487961	2.876229839251666
1640.0	85.33857733699043	2.8764901369702405
1641.0	85.32506438166861	2.8767531994354902
1642.0	85.31154853606442	2.8770190394845576
1643.0	85.29802979732813	2.877287669987697
1644.0	85.28450816260991	2.877559103848262
1645.0	85.27098362906008	2.8778333540027132
1646.0	85.25745619382886	2.8781104334206056
1647.0	85.24392585406649	2.878390355104604
1648.0	85.23039260692322	2.8786731320904653
1649.0	85.21685644954931	2.8789587774470684
1650.0	85.203317379095	2.8792473042763826
1651.0	85.18977539271054	2.8795387257134633
1652.0	85.17623048754616	2.879833054926499
1653.0	85.16268266075213	2.8801303051167673
1654.0	85.14913190947868	2.8804304895186332
1655.0	85.13557823087606	2.8807336213995844
1656.0	85.12202162209452	2.8810397140602086
1657.0	85.10846208028431	2.8813487808341818
1658.0	85.09489960259567	2.881660835088295
1659.0	85.08133418617888	2.8819758902224404
1660.0	85.06776582818412	2.882293959669612
1661.0	85.05419452576169	2.882615056895895
1662.0	85.04062027606183	2.8829391954004966
1663.0	85.02704307623476	2.8832663887157084
1664.0	85.01346292343075	2.8835966504069424
1665.0	84.99987981480005	2.8839299940726852
1666.0	84.98629374749292	2.8842664333445627
1667.0	84.97270471865956	2.8846059818872765
1668.0	84.95911272545025	2.884948653398631
1669.0	84.94551776501523	2.8852944616095475
1670.0	84.93191983450474	2.8856434202840355
1671.0	84.91831893106905	2.885995543219218
1672.0	84.90471505185837	2.8863508442453116
1673.0	84.89110819402299	2.8867093372256374
1674.0	84.87749835471314	2.8870710360566294
1675.0	84.86388553107905	2.887435954667797
1676.0	84.85026972027097	2.8878041070217897
1677.0	84.83665091943917	2.8881755071143327
1678.0	84.82302912573387	2.888550168974253
1679.0	84.80940433630533	2.8889281066634953
1680.0	84.79577654830382	2.889309334277097
1681.0	84.78214575887954	2.889693865943199
1682.0	84.76851196518278	2.8900817158230447
1683.0	84.75487516436377	2.890472898110979
1684.0	84.74123535357273	2.890867427034456
1685.0	84.72759252995995	2.8912653168540157
1686.0	84.71394669067566	2.8916665818633156
1687.0	84.70029783287009	2.892071236389115
1688.0	84.68664595369351	2.892479294791261
1689.0	84.67299105029616	2.892890771462729
1690.0	84.6593331198283	2.89330568082957
1691.0	84.64567215944015	2.893724037350954
1692.0	84.63200816628198	2.8941458555191395
1693.0	84.61834113750402	2.8945711498595066
1694.0	84.60467107025653	2.8949999349305235
1695.0	84.59099796168974	2.8954322253237628
1696.0	84.57732180895391	2.895868035663897
1697.0	84.56364260919929	2.8963073806087136
1698.0	84.54996035957615	2.896750274849084
1699.0	84.53627505723468	2.8971967331089976
1700.0	84.52258669932515	2.8976467701455397
1701.0	84.50889528299783	2.8981004007488997
1702.0	84.49520080540293	2.898557639742352
1703.0	84.48150326369073	2.8990185019823147
1704.0	84.46780265501147	2.8994830023582647
1705.0	84.45409897651538	2.8999511557928015
1706.0	84.44039222535272	2.90042297724163
1707.0	84.42668239867375	2.9008984816935577
1708.0	84.41296949362868	2.901377684170476
1709.0	84.39925350736779	2.901860599727395
1710.0	84.38553443704131	2.902347243452428
1711.0	84.3718122797995	2.902837630466782
1712.0	84.3580870327926	2.903331775924771
1713.0	84.34435869317086	2.903829695013814
1714.0	84.33062725808452	2.904331402954424
1715.0	84.31689272468381	2.904836915000227
1716.0	84.30315509011902	2.9053462464379485
1717.0	84.28941435154037	2.905859412587401
1718.0	84.27567050609811	2.906376428801517
1719.0	84.26192355094248	2.9068973104663396
1720.0	84.24817348322375	2.9074220730009848
1721.0	84.23442030009215	2.9079507318576994
1722.0	84.22066399869793	2.9084833025218075
1723.0	84.20690457619133	2.9090198005117593
1724.0	84.19314202972261	2.909560241379088
1725.0	84.17937635644199	2.910104640708447
1726.0	84.16560755349977	2.9106530141175746
1727.0	84.15183561804614	2.9112053772573225
1728.0	84.13806054723136	2.911761745811637
1729.0	84.12428233820573	2.9123221354975746
1730.0	84.11050098811943	2.912886562065302
1731.0	84.09671649412272	2.913455041298058
1732.0	84.08292885336587	2.9140275890122074
1733.0	84.06913806299912	2.914604221057222
1734.0	84.0553441201727	2.915184953315669
1735.0	84.04154702203688	2.9157698017031985
1736.0	84.02774676574191	2.916358782168591
1737.0	84.013943348438	2.916951910693723
1738.0	84.00013676727544	2.9175492032935595
1739.0	83.98632701940444	2.918150676016184
1740.0	83.97251410197528	2.9187563449427647
1741.0	83.95869801213817	2.919366226187595
1742.0	83.94487874704339	2.919980335898049
1743.0	83.93105630384119	2.9205986902546197
1744.0	83.9172306796818	2.9212213054708958
1745.0	83.90340187171545	2.921848197793558
1746.0	83.88956987709241	2.92247938350241
1747.0	83.87573469296294	2.923114878910345
1748.0	83.86189631647724	2.923754700363357
1749.0	83.8480547447856	2.924398864240548
1750.0	83.83420997503826	2.9250473869541174
1751.0	83.82036200438546	2.925700284949374
1752.0	83.80651082997747	2.926357574704721
1753.0	83.79265644896448	2.9270192727316715
1754.0	83.77879885849678	2.9276853955748368
1755.0	83.76493805572461	2.9283559598119226
1756.0	83.75107403779822	2.9290309820537566
1757.0	83.73720680186786	2.9297104789442496
1758.0	83.72333634508375	2.930394467160428
1759.0	83.70946266459617	2.9310829634124063
1760.0	83.69558575755536	2.9317759844434157
1761.0	83.68170562111155	2.932473547029792
1762.0	83.667822252415	2.9331756679809557
1763.0	83.65393564861594	2.9338823641394427
1764.0	83.64004580686465	2.934593652380882
1765.0	83.62615272431135	2.9353095496140202
1766.0	83.6122563981063	2.936030072780685
1767.0	83.59835682539973	2.9367552388558344
1768.0	83.58445400334193	2.937485064847496
1769.0	83.57054792908309	2.9382195677968235
1770.0	83.55663859977349	2.9389587647780706
1771.0	83.54272601256336	2.939702672898578
1772.0	83.52881016460297	2.9404513092988105
1773.0	83.51489105304255	2.941204691152315
1774.0	83.50096867503234	2.941962835665754
1775.0	83.48704302772263	2.942725760078895
1776.0	83.47311410826362	2.9434934816645835
1777.0	83.45918191380555	2.944266017728802
1778.0	83.44524644149871	2.9450433856106106
1779.0	83.43130768849332	2.9458256026821776
1780.0	83.41736565193963	2.9466126863487734
1781.0	83.40342032898789	2.9474046540487797
1782.0	83.38947171678835	2.9482015232536636
1783.0	83.37551981249126	2.9490033114680188
1784.0	83.36156461324686	2.949810036229511
1785.0	83.34760611620538	2.950621715108935
1786.0	83.33364431851709	2.951438365710175
1787.0	83.31967921733224	2.9522600056702193
1788.0	83.30571080980106	2.953086652659153
1789.0	83.2917390930738	2.9539183243801754
1790.0	83.27776406430073	2.9547550385695804
1791.0	83.26378572063207	2.9555968129967676
1792.0	83.24980405921808	2.956443665464235
1793.0	83.235819077209	2.9572956138075863
1794.0	83.22183077175508	2.958152675895526
1795.0	83.20783914000657	2.959014869629851
1796.0	83.1938441791137	2.959882212945492
1797.0	83.17984588622673	2.960754723810447
1798.0	83.16584425849592	2.961632420225831
1799.0	83.15183929307152	2.9625153202258607
1800.0	83.13783098710374	2.963403441877865
1801.0	83.12381933774286	2.964296803282253
1802.0	83.10980434213911	2.965195422572554
1803.0	83.09578599744273	2.9660993179153876
1804.0	83.081764300804	2.96700850751049
1805.0	83.06773924937313	2.9679230095906846
1806.0	83.05371084030041	2.968842842421907
1807.0	83.03967907073604	2.9697680243031974
1808.0	83.0256439378303	2.9706985735666933
1809.0	83.0116054387334	2.971634508577615
1810.0	82.99756357059563	2.972575847734334
1811.0	82.98351833056721	2.973522609468276
1812.0	82.9694697157984	2.9744748122439875
1813.0	82.95541772343944	2.9754324745591254
1814.0	82.94136235064059	2.976395614944445
1815.0	82.92730359455207	2.9773642519637886
1816.0	82.91324145232414	2.9783384042141217
1817.0	82.89917592110707	2.979318090325495
1818.0	82.88510699805107	2.9803033289610763
1819.0	82.87103468030641	2.9812941388171263
1820.0	82.85695896502332	2.982290538623008
1821.0	82.84287984935207	2.983292547141188
1822.0	82.82879733044291	2.984300183167238
1823.0	82.81471140544606	2.98531346552984
1824.0	82.80062207151177	2.986332413090757
1825.0	82.7865293257903	2.9873570447448716
1826.0	82.77243316543189	2.9883873794201574
1827.0	82.75833358758679	2.989423436077701
1828.0	82.74423058940525	2.990465233711688
1829.0	82.7301241680375	2.9915127913494075
1830.0	82.71601432063383	2.9925661280512443
1831.0	82.70190104434444	2.993625262910683
1832.0	82.6877843363196	2.9946902150543306
1833.0	82.67366419370953	2.995761003641874
1834.0	82.65954061366452	2.996837647866114
1835.0	82.64541359333478	2.9979201669529423
1836.0	82.63128312987058	2.9990085801613713
1837.0	82.61714922042216	3.0001029067835048
1838.0	82.60301186213977	3.0012031661445606
1839.0	82.58887105217366	3.002309377602826
1840.0	82.57472678767405	3.00342156054973
1841.0	82.56057906579122	3.0045397344097835
1842.0	82.54642788367539	3.0056639186406024
1843.0	82.53227323847683	3.0067941327329057
1844.0	82.51811512734577	3.007930396210513
1845.0	82.50395354743249	3.0090727286303505
1846.0	82.4897884958872	3.0102211495824456
1847.0	82.47561996986015	3.0113756786899293
1848.0	82.4614479665016	3.012536335609025
1849.0	82.44727248296178	3.0137031400290573
1850.0	82.43309351639095	3.0148761116724865
1851.0	82.41891106393938	3.0160552702948324
1852.0	82.40472512275727	3.017240635684741
1853.0	82.39053568999492	3.018432227663954
1854.0	82.37634276280252	3.0196300660873168
1855.0	82.36214633833035	3.0208341708427824
1856.0	82.34794641372865	3.0220445618513887
1857.0	82.33374298614767	3.0232612590672967
1858.0	82.31953605273766	3.0244842824777516
1859.0	82.30532561064885	3.025713652103117
1860.0	82.29111165703151	3.0269493879968516
1861.0	82.27689418903589	3.02819151024551
1862.0	82.2626732038122	3.0294400389687537
1863.0	82.24844869851071	3.03069499431937
1864.0	82.23422067028167	3.031956396483209
1865.0	82.21998911627534	3.0332242656792388
1866.0	82.20575403364194	3.0344986221595343
1867.0	82.19151541953171	3.0357794862092846
1868.0	82.17727327109493	3.0370668781467542
1869.0	82.16302758548184	3.0383608183233237
1870.0	82.14877835984268	3.039661327123485
1871.0	82.13452559132769	3.0409684249648072
1872.0	82.12026927708712	3.0422821322979825
1873.0	82.10600941427121	3.0436024696068085
1874.0	82.09174600003021	3.0449294574081653
1875.0	82.0774790315144	3.0462631162520553
1876.0	82.063208505874	3.0476034667215646
1877.0	82.04893442025924	3.0489505294329016
1878.0	82.0346567718204	3.0503043250353703
1879.0	82.0203755577077	3.051664874211355
1880.0	82.00609077507139	3.053032197676384
1881.0	81.99180242106173	3.0544063161790524
1882.0	81.97751049282897	3.055787250501071
1883.0	81.96321498752334	3.0571750214572595
1884.0	81.94891590229511	3.0585696498955217
1885.0	81.9346132342945	3.059971156696877
1886.0	81.92030698067178	3.0613795627754588
1887.0	81.90599713857718	3.062794889078469
1888.0	81.89168370516096	3.0642171565862473
1889.0	81.87736667757335	3.0656463863122037
1890.0	81.8630460529646	3.067082599302888
1891.0	81.84872182848498	3.068525816637917
1892.0	81.83439400128474	3.0699760594300254
1893.0	81.82006256851409	3.071433348825049
1894.0	81.80572752732328	3.0728977060019376
1895.0	81.79138887486259	3.0743691521727126
1896.0	81.77704660828225	3.075847708582533
1897.0	81.7627007247325	3.0773333965096357
1898.0	81.74835122136358	3.078826237265373
1899.0	81.73399809532577	3.080326252194188
1900.0	81.71964134376931	3.081833462673635
1901.0	81.70528096384442	3.083347890114375
1902.0	81.69091695270134	3.0848695559601595
1903.0	81.67654930749036	3.086398481687843
1904.0	81.6621780253617	3.087934688807395
1905.0	81.64780310346562	3.0894781988618742
1906.0	81.63342453895234	3.091029033427447
1907.0	81.61904232897214	3.092587214113386
1908.0	81.60465647067527	3.0941527625620653
1909.0	81.59026696121194	3.0957257004489533
1910.0	81.57587379773241	3.0973060494826186
1911.0	81.56147697738695	3.098893831404747
1912.0	81.54707649732578	3.100489067990114
1913.0	81.53267235469914	3.102091781046604
1914.0	81.51826454665732	3.1037019924152065
1915.0	81.50385307035054	3.1053197239700085
1916.0	81.48943792292906	3.10694499761818
1917.0	81.4750191015431	3.108577835300043
1918.0	81.4605966033429	3.1102182589889753
1919.0	81.44617042547877	3.11186629069147
1920.0	81.4317405651009	3.1135219524471305
1921.0	81.41730701935954	3.115185266328667
1922.0	81.40286978540496	3.116856254441866
1923.0	81.38842886038742	3.118534938925646
1924.0	81.37398424145712	3.1202213419520106
1925.0	81.35953592576433	3.1219154857260736
1926.0	81.3450839104593	3.1236173924860418
1927.0	81.33062819269227	3.1253270845032346
1928.0	81.31616876961351	3.127044584082065
1929.0	81.30170563837324	3.128769913560057
1930.0	81.2872387961217	3.1305030953078274
1931.0	81.27276824000919	3.1322441517291093
1932.0	81.25829396718589	3.1339931052607275
1933.0	81.24381597480209	3.1357499783726013
1934.0	81.229334260008	3.137514793567779
1935.0	81.21484881995391	3.13928757338238
1936.0	81.20035965179005	3.1410683403856496
1937.0	81.18586675266666	3.1428571171799193
1938.0	81.17137011973398	3.144653926400629
1939.0	81.1568697501423	3.1464587907163333
1940.0	81.1423656410418	3.1482717328286633
1941.0	81.12785778958279	3.150092775472379
1942.0	81.11334619291547	3.1519219414153223
1943.0	81.09883084819012	3.153759253458444
1944.0	81.08431175255697	3.1556047344358054
1945.0	81.06978890316626	3.157458407214559
1946.0	81.05526229716827	3.1593202946949703
1947.0	81.04073193171321	3.1611904198103966
1948.0	81.02619780395133	3.1630688055273066
1949.0	81.0116599110329	3.1649554748452626
1950.0	80.99711825010814	3.1668504507969315
1951.0	80.98257281832733	3.168753756448083
1952.0	80.9680236128407	3.1706654148975986
1953.0	80.95347063079848	3.172585449277449
1954.0	80.93891386935096	3.174513882752716
1955.0	80.92435332564834	3.1764507385215732
1956.0	80.90978899684089	3.178396039815303
1957.0	80.89522088007885	3.180349809898299
1958.0	80.88064897251247	3.182312072068045
1959.0	80.86607327129201	3.184282849655133
1960.0	80.85149377356768	3.186262166023245
1961.0	80.83691047648978	3.1882500445691844
1962.0	80.82232337720852	3.190246508722852
1963.0	80.80773247287415	3.1922515819472386
1964.0	80.79313776063692	3.194265287738447
1965.0	80.77853923764708	3.1962876496256856
1966.0	80.76393690105488	3.1983186911712598
1967.0	80.74933074801055	3.200358435970566
1968.0	80.73472077566437	3.2024069076521275
1969.0	80.72010698116657	3.20446412987756
1970.0	80.70548936166739	3.2065301263415655
1971.0	80.69086791431707	3.2086049207719727
1972.0	80.67624263626587	3.2106885369297014
1973.0	80.66161352466403	3.2127809986087645
1974.0	80.6469805766618	3.214882329636295
1975.0	80.63234378940945	3.2169925538725215
1976.0	80.61770316005719	3.219111695210769
1977.0	80.60305868575529	3.221239777577474
1978.0	80.58841036365399	3.2233768249321666
1979.0	80.57375819090353	3.225522861267482
1980.0	80.55910216465418	3.227677910609162
1981.0	80.54444228205614	3.229841997016047
1982.0	80.52977854025971	3.232015144580079
1983.0	80.51511093641511	3.234197377426301
1984.0	80.50043946767259	3.2363887197128642
1985.0	80.4857641311824	3.238589195631028
1986.0	80.4710849240948	3.2407988294051258
1987.0	80.45640184356	3.243017645292636
1988.0	80.44171488672828	3.2452456675841
1989.0	80.42702405074986	3.2474829206031766
1990.0	80.41232933277502	3.249729428706637
1991.0	80.39763072995399	3.2519852162843406
1992.0	80.382928239437	3.254250307759257
1993.0	80.36822185837435	3.256524727587445
1994.0	80.35351158391623	3.2588085002580978
1995.0	80.3387974132129	3.2611016502934644
1996.0	80.32407934341462	3.263404202248942
1997.0	80.30935737167164	3.265716180712983
1998.0	80.29463149513418	3.268037610307194
1999.0	80.27990171095252	3.2703685156862456
2000.0	80.26516801627689	3.272708921537925
2001.0	80.25043040825756	3.2750588525831246
2002.0	80.23568888404473	3.277418333575825
2003.0	80.22094344078867	3.2797873893031375
2004.0	80.20619407563964	3.282166044585232
2005.0	80.19144078574789	3.2845543242754234
2006.0	80.17668356826364	3.2869522532601043
2007.0	80.16192242033715	3.2893598564587734
2008.0	80.14715733911868	3.291777158824043
2009.0	80.13238832175847	3.2942041853416106
2010.0	80.11761536540675	3.29664096103029
2011.0	80.10283846721377	3.299087510941997
2012.0	80.08805762432979	3.301543860161736
2013.0	80.07327283390507	3.3040100338076224
2014.0	80.05848409308982	3.3064860570308796
2015.0	80.04369139903432	3.3089719550158363
2016.0	80.0288947488888	3.3114677529799
2017.0	80.01409413980352	3.313973476173598
2018.0	79.9992895689287	3.316489149880571
2019.0	79.98448103341462	3.319014799417531
2020.0	79.9696685304115	3.3215504501343185
2021.0	79.9548520570696	3.3240961274138683
2022.0	79.94003161053918	3.3266518566722234
2023.0	79.92520718797046	3.3292176633584996
2024.0	79.91037878651372	3.3317935729549615
2025.0	79.89554640331916	3.3343796109769555
2026.0	79.88071003553706	3.3369758029729164
2027.0	79.86586968031767	3.3395821745243786
2028.0	79.85102533481123	3.342198751246021
2029.0	79.83617699616796	3.3448255587855833
2030.0	79.82132466153814	3.347462622823918
2031.0	79.80646832807203	3.350109969074993
2032.0	79.79160799291985	3.352767623285856
2033.0	79.77674365323183	3.3554356112366817
2034.0	79.76187530615826	3.35811395874073
2035.0	79.74700294884936	3.360802691644359
2036.0	79.73212657845538	3.363501835827048
2037.0	79.71724619212657	3.3662114172013604
2038.0	79.70236178701317	3.3689314617129855
2039.0	79.68747336026544	3.3716619953406886
2040.0	79.67258090903364	3.3744030440963386
2041.0	79.65768443046798	3.3771546340249414
2042.0	79.64278392171873	3.3799167912045665
2043.0	79.62787937993613	3.3826895417463967
2044.0	79.61297080227042	3.385472911794728
2045.0	79.59805818587186	3.388266927526946
2046.0	79.5831415278907	3.3910716151535385
2047.0	79.56822082547717	3.393887000918116
2048.0	79.55329607578155	3.396713111097358
2049.0	79.53836727595404	3.3995499720010804
2050.0	79.52343442314492	3.4023976099721613
2051.0	79.50849751450443	3.4052560513866332
2052.0	79.49355654718279	3.408125322653586
2053.0	79.4786115183303	3.4110054502152325
2054.0	79.46366242509716	3.41389646054688
2055.0	79.44870926463366	3.4167983801569553
2056.0	79.43375203409	3.4197112355869685
2057.0	79.41879073061645	3.422635053411537
2058.0	79.40382535136327	3.4255698602383804
2059.0	79.38885589348067	3.428515682708312
2060.0	79.37388235411893	3.4314725474952756
2061.0	79.35890473042829	3.434440481306283
2062.0	79.343923019559	3.4374195108814747
2063.0	79.32893721866131	3.440409662994085
2064.0	79.31394732488545	3.443410964450429
2065.0	79.29895333538165	3.44642344208997
2066.0	79.28395524730021	3.449447122785236
2067.0	79.26895305779134	3.45248203344186
2068.0	79.25394676400529	3.4555282009985957
2069.0	79.23893636309231	3.458585652427295
2070.0	79.22392185220265	3.4616544147328963
2071.0	79.20890322848658	3.4647345149534594
2072.0	79.19388048909431	3.46782598016013
