0.0	96.63302975393485	6.825801602723034
1.0	96.6215150239894	6.815037924049722
2.0	96.6100012032661	6.804298221371089
3.0	96.59848828950271	6.793582457940711
4.0	96.586976280437	6.782890597040968
5.0	96.57546517380673	6.772222601983038
6.0	96.56395496734966	6.761578436106898
7.0	96.55244565880356	6.750958062781325
8.0	96.5409372459062	6.740361445403893
9.0	96.52942972639536	6.729788547400978
10.0	96.51792309800878	6.719239332227755
11.0	96.50641735848423	6.708713763368197
12.0	96.49491250555947	6.698211804335075
13.0	96.48340853697228	6.687733418669964
14.0	96.47190545046041	6.677278569943235
15.0	96.46040324376162	6.6668472217540575
16.0	96.4489019146137	6.656439337730403
17.0	96.4374014607544	6.6460548815290394
18.0	96.42590187992148	6.635693816835538
19.0	96.41440316985272	6.625356107364263
20.0	96.40290532828587	6.615041716858386
21.0	96.3914083529587	6.60475060908987
22.0	96.37991224160899	6.594482747859483
23.0	96.36841699197447	6.58423809699679
24.0	96.35692260179292	6.574016620360156
25.0	96.34542906880212	6.563818281836744
26.0	96.33393639073984	6.5536430453425165
27.0	96.32244456534382	6.543490874822237
28.0	96.31095359035183	6.533361734249468
29.0	96.29946346350164	6.523255587626569
30.0	96.28797418253102	6.513172398984702
31.0	96.27648574517771	6.503112132383826
32.0	96.26499814917952	6.493074751912699
33.0	96.25351139227416	6.483060221688881
34.0	96.24202547219944	6.473068505858729
35.0	96.23054038669311	6.463099568597398
36.0	96.21905613349294	6.453153374108848
37.0	96.20757271033668	6.443229886625833
38.0	96.1960901149621	6.433329070409906
39.0	96.18460834510698	6.4234508897514235
40.0	96.17312739850907	6.413595308969538
41.0	96.16164727290612	6.4037622924122015
42.0	96.15016796603592	6.393951804456168
43.0	96.13868947563624	6.384163809506987
44.0	96.12721179944482	6.37439827199901
45.0	96.11573493519946	6.364655156395387
46.0	96.10425888063789	6.354934427188068
47.0	96.09278363349787	6.345236048897801
48.0	96.0813091915172	6.3355599860741325
49.0	96.06983555243363	6.325906203295412
50.0	96.05836271398492	6.316274665168785
51.0	96.0468906739088	6.306665336330196
52.0	96.03541942994312	6.297078181444393
53.0	96.02394897982558	6.287513165204918
54.0	96.01247932129397	6.277970252334116
55.0	96.00101045208602	6.26844940758313
56.0	95.98954236993954	6.258950595731902
57.0	95.97807507259228	6.249473781589173
58.0	95.966608557782	6.240018929992486
59.0	95.95514282324645	6.230586005808179
60.0	95.94367786672342	6.221174973931392
61.0	95.93221368595067	6.211785799286065
62.0	95.92075027866596	6.202418446824935
63.0	95.90928764260705	6.193072881529542
64.0	95.89782577551172	6.1837490684102185
65.0	95.88636467511772	6.174446972506105
66.0	95.87490433916281	6.165166558885133
67.0	95.86344476538477	6.155907792644041
68.0	95.85198595152136	6.14667063890836
69.0	95.84052789531034	6.137455062832426
70.0	95.8290705944895	6.1282610295993685
71.0	95.81761404679656	6.119088504421121
72.0	95.80615824996931	6.109937452538416
73.0	95.79470320174553	6.100807839220781
74.0	95.78324889986297	6.091699629766549
75.0	95.77179534205938	6.082612789502849
76.0	95.76034252607255	6.073547283785607
77.0	95.74889044964021	6.064503077999552
78.0	95.73743911050018	6.055480137558212
79.0	95.72598850639017	6.046478427903913
80.0	95.71453863504797	6.037497914507779
81.0	95.70308949421135	6.028538562869737
82.0	95.69164108161807	6.019600338518511
83.0	95.6801933950059	6.010683207011623
84.0	95.6687464321126	6.001787133935398
85.0	95.65730019067591	5.992912084904957
86.0	95.64585466843361	5.984058025564222
87.0	95.63440986312351	5.975224921585915
88.0	95.62296577248331	5.966412738671553
89.0	95.61152239425081	5.957621442551458
90.0	95.60007972616377	5.9488509989847485
91.0	95.58863776595994	5.940101373759342
92.0	95.57719651137712	5.931372532691956
93.0	95.56575596015304	5.922664441628108
94.0	95.55431611002547	5.913977066442111
95.0	95.54287695873217	5.905310373037083
96.0	95.53143850401094	5.896664327344939
97.0	95.52000074359951	5.8880388953263925
98.0	95.50856367523565	5.879434042970955
99.0	95.49712729665714	5.87084973629694
100.0	95.48569160560174	5.86228594135146
101.0	95.4742565998072	5.853742624210424
102.0	95.46282227701131	5.845219750978546
103.0	95.45138863495181	5.836717287789332
104.0	95.43995567136646	5.828235200805095
105.0	95.42852338399305	5.819773456216939
106.0	95.41709177056936	5.811332020244774
107.0	95.4056608288331	5.802910859137308
108.0	95.39423055652207	5.794509939172045
109.0	95.38280095137404	5.786129226655291
110.0	95.37137201112677	5.777768687922151
111.0	95.35994373351801	5.769428289336531
112.0	95.34851611628552	5.761107997291132
113.0	95.33708915716709	5.752807778207458
114.0	95.32566285390047	5.744527598535812
115.0	95.31423720422343	5.736267424755293
116.0	95.30281220587375	5.728027223373804
117.0	95.29138785658917	5.719806960928043
118.0	95.27996415410746	5.71160660398351
119.0	95.26854109616639	5.703426119134504
120.0	95.25711868050372	5.695265473004124
121.0	95.2456969048572	5.687124632244266
122.0	95.23427576696464	5.679003563535626
123.0	95.22285526456376	5.6709022335877
124.0	95.21143539539236	5.662820609138785
125.0	95.20001615718819	5.6547586569559725
126.0	95.188597547689	5.646716343835158
127.0	95.17717956463257	5.638693636601037
128.0	95.16576220575666	5.630690502107097
129.0	95.15434546879905	5.6227069072356315
130.0	95.14292935149746	5.614742818897733
131.0	95.13151385158972	5.606798204033291
132.0	95.12009896681354	5.598873029610994
133.0	95.10868469490673	5.590967262628332
134.0	95.09727103360702	5.583080870111593
135.0	95.08585798065218	5.575213819115865
136.0	95.07444553377998	5.567366076725033
137.0	95.06303369072819	5.559537610051786
138.0	95.05162244923459	5.551728386237606
139.0	95.04021180703688	5.543938372452781
140.0	95.02880176187291	5.536167535896393
141.0	95.01739231148039	5.528415843796327
142.0	95.00598345359711	5.520683263409263
143.0	94.99457518596083	5.512969762020686
144.0	94.98316750630929	5.505275306944876
145.0	94.97176041238029	5.497599865524911
146.0	94.96035390191157	5.489943405132676
147.0	94.94894797264092	5.482305893168847
148.0	94.93754262230607	5.474687297062902
149.0	94.92613784864481	5.46708758427312
150.0	94.9147336493949	5.459506722286578
151.0	94.90333002229411	5.451944678619152
152.0	94.89192696508022	5.4444014208155185
153.0	94.88052447549094	5.436876916449152
154.0	94.86912255126408	5.429371133122327
155.0	94.8577211901374	5.421884038466117
156.0	94.84632038984866	5.414415600140394
157.0	94.83492014813561	5.406965785833832
158.0	94.82352046273603	5.399534563263901
159.0	94.81212133138769	5.392121900176874
160.0	94.80072275182835	5.384727764347818
161.0	94.78932472179577	5.3773521235806045
162.0	94.77792723902772	5.369994945707903
163.0	94.76653030126197	5.362656198591179
164.0	94.75513390623627	5.355335850120703
165.0	94.74373805168838	5.348033868215539
166.0	94.73234273535608	5.340750220823555
167.0	94.72094795497715	5.333484875921414
168.0	94.70955370828933	5.3262378015145835
169.0	94.69815999303039	5.319008965637325
170.0	94.6867668069381	5.311798336352702
171.0	94.67537414775022	5.304605881752579
172.0	94.66398201320452	5.297431569957617
173.0	94.65259040103876	5.290275369117275
174.0	94.6411993089907	5.283137247409815
175.0	94.62980873479812	5.276017173042297
176.0	94.61841867619877	5.26891511425058
177.0	94.60702913093043	5.261831039299323
178.0	94.59564009673085	5.2547649164819825
179.0	94.5842515713378	5.247716714120816
180.0	94.57286355248904	5.2406864005668785
181.0	94.56147603792235	5.233673944200028
182.0	94.55008902537548	5.226679313428917
183.0	94.5387025125862	5.219702476691001
184.0	94.52731649729228	5.212743402452534
185.0	94.51593097723148	5.205802059208568
186.0	94.50454595014156	5.198878415482954
187.0	94.4931614137603	5.191972439828346
188.0	94.48177736582545	5.1850841008261925
189.0	94.47039380407477	5.1782133670867445
190.0	94.45901072624605	5.171360207249052
191.0	94.44762813007704	5.164524589980962
192.0	94.43624601330548	5.157706483979124
193.0	94.42486437366918	5.150905857968983
194.0	94.41348320890587	5.144122680704789
195.0	94.40210251675335	5.1373569209695855
196.0	94.39072229494936	5.130608547575217
197.0	94.37934254123165	5.12387752936233
198.0	94.36796325333802	5.117163835200367
199.0	94.35658442900622	5.110467433987572
200.0	94.345206065974	5.103788294650986
201.0	94.33382816197913	5.097126386146452
202.0	94.3224507147594	5.090481677458611
203.0	94.31107372205256	5.083854137600902
204.0	94.29969718159637	5.077243735615565
205.0	94.2883210911286	5.070650440573641
206.0	94.27694544838701	5.064074221574966
207.0	94.26557025110937	5.057515047748177
208.0	94.25419549703344	5.0509728882507146
209.0	94.24282118389698	5.04444771226881
210.0	94.23144730943775	5.037939489017502
211.0	94.22007387139355	5.031448187740624
212.0	94.20870086750212	5.0249737777108106
213.0	94.19732829550122	5.018516228229495
214.0	94.18595615312863	5.01207550862691
215.0	94.17458443812211	5.0056515882620864
216.0	94.16321314821941	4.999244436522858
217.0	94.15184228115831	4.992854022825853
218.0	94.14047183467657	4.986480316616503
219.0	94.12910180651194	4.980123287369036
220.0	94.11773219440222	4.973782904586479
221.0	94.10636299608515	4.967459137800664
222.0	94.0949942092985	4.961151956572215
223.0	94.08362583178005	4.95486133049056
224.0	94.07225786126754	4.948587229173924
225.0	94.06089029549875	4.942329622269331
226.0	94.04952313221143	4.936088479452607
227.0	94.03815636914337	4.929863770428376
228.0	94.02679000403229	4.923655464930058
229.0	94.015424034616	4.917463532719879
230.0	94.00405845863226	4.9112879435888575
231.0	93.99269327381882	4.905128667356816
232.0	93.98132847791345	4.898985673872375
233.0	93.96996406865391	4.8928589330129535
234.0	93.95860004377798	4.886748414684769
235.0	93.9472364010234	4.880654088822841
236.0	93.93587313812795	4.874575925390988
237.0	93.92451025282938	4.868513894381824
238.0	93.91314774286549	4.862467965816767
239.0	93.90178560597403	4.856438109746031
240.0	93.89042383989275	4.850424296248631
241.0	93.87906244235941	4.844426495432382
242.0	93.86770141111181	4.838444677433896
243.0	93.85634074388769	4.832478812418586
244.0	93.8449804384248	4.826528870580665
245.0	93.83362049246092	4.820594822143142
246.0	93.82226090373383	4.814676637357827
247.0	93.81090166998129	4.808774286505335
248.0	93.79954278894105	4.802887739895069
249.0	93.78818425835088	4.79701696786524
250.0	93.77682607594855	4.791161940782855
251.0	93.76546823947183	4.785322629043721
252.0	93.75411074665847	4.779499003072447
253.0	93.74275359524624	4.773691033322433
254.0	93.7313967829729	4.767898690275889
255.0	93.72004030757623	4.762121944443816
256.0	93.70868416679397	4.75636076636602
257.0	93.69732835836393	4.750615126611103
258.0	93.68597288002383	4.744884995776466
259.0	93.67461772951145	4.739170344488311
260.0	93.66326290456456	4.7334711434016405
261.0	93.65190840292092	4.727787363200252
262.0	93.6405542223183	4.7221189745967465
263.0	93.62920036049445	4.716465948332521
264.0	93.61784681518715	4.710828255177775
265.0	93.60649358413417	4.7052058659315055
266.0	93.59514066507325	4.699598751421509
267.0	93.58378805574218	4.6940068825043815
268.0	93.57243575387872	4.688430230065517
269.0	93.56108375722062	4.682868765019112
270.0	93.54973206350566	4.677322458308158
271.0	93.5383806704716	4.671791280904451
272.0	93.52702957585618	4.66627520380858
273.0	93.51567877739721	4.660774198049939
274.0	93.50432827283244	4.655288234686719
275.0	93.49297805989963	4.649817284805909
276.0	93.48162813633652	4.6443613195233
277.0	93.47027849988093	4.638920309983481
278.0	93.45892914827058	4.633494227359838
279.0	93.44758007924325	4.628083042854562
280.0	93.4362312905367	4.622686727698637
281.0	93.42488277988869	4.6173052531518515
282.0	93.413534545037	4.611938590502788
283.0	93.4021865837194	4.606586711068834
284.0	93.39083889367363	4.601249586196172
285.0	93.37949147263747	4.595927187259786
286.0	93.36814431834868	4.590619485663458
287.0	93.35679742854504	4.585326452839771
288.0	93.3454508009643	4.580048060250107
289.0	93.33410443334422	4.5747842793846445
290.0	93.32275832342256	4.569535081762364
291.0	93.31141246893712	4.5643004389310455
292.0	93.30006686762563	4.559080322467267
293.0	93.28872151722587	4.553874703976408
294.0	93.2773764154756	4.5486835550926425
295.0	93.2660315601126	4.54350684747895
296.0	93.2546869488746	4.538344552827104
297.0	93.2433425794994	4.533196642857679
298.0	93.23199844972476	4.528063089320053
299.0	93.2206545572884	4.522943863992397
300.0	93.20931089992814	4.517838938681683
301.0	93.19796747538173	4.512748285223687
302.0	93.18662428138694	4.507671875482976
303.0	93.17528131568152	4.502609681352924
304.0	93.16393857600323	4.497561674755701
305.0	93.15259606008986	4.4925278276422755
306.0	93.14125376567915	4.487508111992415
307.0	93.12991169050886	4.482502499814691
308.0	93.1185698323168	4.477510963146469
309.0	93.1072281888407	4.472533474053916
310.0	93.09588675781832	4.467570004631997
311.0	93.08454553698743	4.46262052700448
312.0	93.07320452408581	4.4576850133239265
313.0	93.0618637168512	4.452763435771702
314.0	93.0505231130214	4.44785576655797
315.0	93.03918271033415	4.442961977921693
316.0	93.0278425065272	4.438082042130632
317.0	93.01650249933834	4.433215931481349
318.0	93.00516268650534	4.428363618299205
319.0	92.99382306576595	4.4235250749383574
320.0	92.98248363485794	4.418700273781768
321.0	92.97114439151908	4.413889187241194
322.0	92.95980533348711	4.409091787757193
323.0	92.94846645849982	4.404308047799121
324.0	92.93712776429498	4.399537939865137
325.0	92.92578924861033	4.394781436482194
326.0	92.91445090918364	4.3900385102060495
327.0	92.9031127437527	4.385309133621256
328.0	92.89177475005525	4.380593279341166
329.0	92.88043692582907	4.375890920007936
330.0	92.86909926881191	4.3712020282925135
331.0	92.85776177674154	4.366526576894653
332.0	92.84642444735573	4.361864538542905
333.0	92.83508727839225	4.357215885994618
334.0	92.82375026758884	4.3525805920359435
335.0	92.81241341268328	4.347958629481829
336.0	92.80107671141336	4.343349971176021
337.0	92.7897401615168	4.338754589991071
338.0	92.7784037607314	4.334172458828322
339.0	92.7670675067949	4.32960355061792
340.0	92.75573139744509	4.325047838318811
341.0	92.74439543041971	4.320505294918742
342.0	92.73305960345654	4.315975893434251
343.0	92.72172391429334	4.311459606910686
344.0	92.71038836066786	4.306956408422189
345.0	92.6990529403179	4.3024662710717
346.0	92.6877176509812	4.297989167990961
347.0	92.67638249039554	4.293525072340511
348.0	92.66504745629867	4.289073957309692
349.0	92.65371254642835	4.284635796116642
350.0	92.64237775852236	4.280210562008298
351.0	92.63104309031846	4.275798228260398
352.0	92.6197085395544	4.27139876817748
353.0	92.60837410396798	4.26701215509288
354.0	92.59703978129694	4.262638362368733
355.0	92.58570556927904	4.258277363395974
356.0	92.57437146565206	4.253929131594337
357.0	92.56303746815377	4.249593640412355
358.0	92.55170357452191	4.245270863327361
359.0	92.54036978249427	4.240960773845487
360.0	92.52903608980859	4.236663345501665
361.0	92.51770249420265	4.232378551859625
362.0	92.50636899341421	4.228106366511897
363.0	92.49503558518106	4.223846763079809
364.0	92.48370226724093	4.2195997152134925
365.0	92.47236903733159	4.215365196591872
366.0	92.46103589319083	4.211143180922678
367.0	92.44970283255638	4.206933641942434
368.0	92.43836985316604	4.202736553416467
369.0	92.42703695275753	4.198551889138903
370.0	92.41570412906866	4.194379622932664
371.0	92.40437137983719	4.190219728649477
372.0	92.39303870280085	4.186072180169862
373.0	92.38170609569744	4.181936951403143
374.0	92.37037355626471	4.17781401628744
375.0	92.35904108224042	4.173703348789676
376.0	92.34770867136235	4.16960492290557
377.0	92.33637632136826	4.165518712659642
378.0	92.3250440299959	4.161444692105209
379.0	92.31371179498304	4.157382835324393
380.0	92.30237961406746	4.153333116428107
381.0	92.29104748498692	4.149295509556071
382.0	92.27971540547918	4.145269988876799
383.0	92.268383373282	4.141256528587609
384.0	92.25705138613316	4.137255102914612
385.0	92.24571944177042	4.133265686112725
386.0	92.23438753793153	4.12928825246566
387.0	92.22305567235425	4.125322776285929
388.0	92.21172384277638	4.121369231914844
389.0	92.20039204693566	4.117427593722519
390.0	92.18906028256986	4.113497836107861
391.0	92.17772854741675	4.109579933498582
392.0	92.16639683921409	4.105673860351187
393.0	92.15506515569963	4.101779591150992
394.0	92.14373349461117	4.097897100412098
395.0	92.13240185368645	4.094026362677413
396.0	92.12107023066321	4.090167352518647
397.0	92.10973862327927	4.086320044536302
398.0	92.09840702927237	4.082484413359685
399.0	92.08707544638027	4.0786604336469
400.0	92.07574387234072	4.07484808008485
401.0	92.06441230489153	4.071047327389237
402.0	92.05308074177043	4.067258150304564
403.0	92.0417491807152	4.0634805236041345
404.0	92.03041761946359	4.059714422090046
405.0	92.01908605575336	4.0559598205932
406.0	92.0077544873223	4.052216693973294
407.0	91.99642291190817	4.048485017118831
408.0	91.98509132724872	4.0447647649471055
409.0	91.97375973108173	4.041055912404216
410.0	91.96242812114495	4.03735843446506
411.0	91.95109649517616	4.033672306133331
412.0	91.93976485091311	4.0299975024415255
413.0	91.92843318609357	4.026333998450938
414.0	91.9171014984553	4.022681769251664
415.0	91.90576978573608	4.0190407899625935
416.0	91.89443804567367	4.015411035731421
417.0	91.88310627600583	4.011792481734638
418.0	91.87177447447033	4.008185103177536
419.0	91.86044263880493	4.004588875294203
420.0	91.8491107667474	4.0010037733475325
421.0	91.8377788560355	3.9974297726292094
422.0	91.82644690440696	3.993866848459725
423.0	91.81511490959963	3.990314976188366
424.0	91.8037828693512	3.9867741311932186
425.0	91.79245078139947	3.983244288881169
426.0	91.78111864348219	3.979725424687904
427.0	91.76978645333713	3.9762175140779075
428.0	91.75845420870206	3.9727205325444634
429.0	91.74712190731475	3.969234455609656
430.0	91.73578954691294	3.9657592588243666
431.0	91.72445712523441	3.962294917768279
432.0	91.71312464001693	3.958841408049874
433.0	91.70179208899825	3.9553987053064312
434.0	91.69045946991616	3.9519667852040317
435.0	91.6791267805084	3.9485456234375538
436.0	91.66779401851275	3.945135195730677
437.0	91.65646118166696	3.9417354778358793
438.0	91.64512826770881	3.9383464455344357
439.0	91.63379527437606	3.9349680746364264
440.0	91.62246219940646	3.931600340980724
441.0	91.6111290405378	3.928243220435005
442.0	91.59979579550783	3.924896688895743
443.0	91.58846246205432	3.921560722288213
444.0	91.57712903791504	3.9182352965664866
445.0	91.56579552082775	3.914920387713437
446.0	91.5544619085302	3.9116159717407353
447.0	91.54312819876017	3.908322024688853
448.0	91.53179438925544	3.905038522627059
449.0	91.52046047775373	3.9017654416534255
450.0	91.50912646199284	3.8985027578948186
451.0	91.49779233971053	3.895250447506908
452.0	91.48645810864457	3.892008486674161
453.0	91.47512376653272	3.8887768516098435
454.0	91.46378931111273	3.8855555185560218
455.0	91.45245474012239	3.882344463783562
456.0	91.44112005129944	3.8791436635921293
457.0	91.42978524238166	3.875953094310186
458.0	91.4184503111068	3.8727727322949956
459.0	91.40711525521264	3.869602553932622
460.0	91.39578007243696	3.866442535637926
461.0	91.3844447605175	3.86329265385457
462.0	91.37310931719202	3.8601528850550126
463.0	91.3617737401983	3.857023205740516
464.0	91.35043802727411	3.853903592441137
465.0	91.3391021761572	3.8507940217157337
466.0	91.32776618458533	3.8476944701519677
467.0	91.31643005029628	3.8446049143662924
468.0	91.30509377102781	3.8415253310039654
469.0	91.29375734451769	3.8384556967390426
470.0	91.28242076850368	3.8353959882743784
471.0	91.27108404072355	3.8323461823416274
472.0	91.25974715891505	3.829306255701243
473.0	91.24841012081596	3.8262761851424787
474.0	91.23707292416404	3.823255947483386
475.0	91.22573556669705	3.820245519570816
476.0	91.21439804615275	3.8172448782804205
477.0	91.20306036026892	3.814254000516648
478.0	91.19172250678334	3.81127286321275
479.0	91.18038448343373	3.8083014433307745
480.0	91.16904628795788	3.805339717861568
481.0	91.15770791809356	3.8023876638247804
482.0	91.14636937157854	3.799445258268855
483.0	91.13503064615057	3.796512478271042
484.0	91.1236917395474	3.7935893009373833
485.0	91.11235264950682	3.790675703402725
486.0	91.10101337376659	3.7877716628307105
487.0	91.08967391006448	3.7848771564137826
488.0	91.07833425613823	3.7819921613731853
489.0	91.06699440972565	3.779116654958958
490.0	91.05565436856446	3.7762506144499435
491.0	91.04431413039245	3.7733940171537808
492.0	91.03297369294737	3.770546840406911
493.0	91.02163305396698	3.7677090615745725
494.0	91.01029221118907	3.764880658050804
495.0	90.9989511623514	3.7620616072584423
496.0	90.98760990519172	3.759251886649125
497.0	90.9762684374478	3.7564514737032875
498.0	90.96492675685741	3.7536603459301667
499.0	90.95358486115832	3.7508784808677964
500.0	90.94224274808828	3.7481058560830105
501.0	90.93090041538505	3.7453424491714427
502.0	90.9195578607864	3.742588237757527
503.0	90.90821508203011	3.7398431994944934
504.0	90.89687207685394	3.737107312064375
505.0	90.88552884299565	3.7343805531780014
506.0	90.87418537819302	3.7316629005750026
507.0	90.86284168018378	3.7289543320238097
508.0	90.85149774670572	3.7262548253216483
509.0	90.8401535754966	3.7235643582945475
510.0	90.8288091642942	3.720882908797335
511.0	90.81746451083623	3.7182104547136388
512.0	90.80611961286053	3.715546973955881
513.0	90.79477446810482	3.712892444465289
514.0	90.78342907430688	3.710246844211887
515.0	90.77208342920447	3.7076101511944994
516.0	90.76073753053535	3.704982343440748
517.0	90.74939137603728	3.7023633990070537
518.0	90.73804496344805	3.6997532959786414
519.0	90.7266982905054	3.6971520124695307
520.0	90.71535135494709	3.6945595266225424
521.0	90.70400415451093	3.6919758166092946
522.0	90.69265668693463	3.689400860630208
523.0	90.68130894995599	3.686834636914499
524.0	90.66996094131275	3.684277123720185
525.0	90.65861265874271	3.681728299334086
526.0	90.6472640999836	3.679188142071814
527.0	90.6359152627732	3.676656630277786
528.0	90.62456614484927	3.674133742325218
529.0	90.61321674394956	3.671619456616122
530.0	90.60186705781187	3.6691137515813126
531.0	90.59051708417395	3.666616605680401
532.0	90.57916682077357	3.6641279974018017
533.0	90.56781626534848	3.661647905262723
534.0	90.55646541563645	3.6591763078091772
535.0	90.54511426937525	3.656713183615973
536.0	90.53376282430264	3.654258511286721
537.0	90.5224110781564	3.651812269453828
538.0	90.51105902867424	3.649374436778503
539.0	90.499706673594	3.6469449919507526
540.0	90.48835401065341	3.644523913689384
541.0	90.47700103759023	3.6421111807420026
542.0	90.46564775214223	3.639706771885011
543.0	90.45429415204718	3.6373106659236174
544.0	90.44294023504284	3.6349228416918224
545.0	90.43158599886698	3.6325432780524296
546.0	90.42023144125734	3.630171953897042
547.0	90.40887655995172	3.62780884814606
548.0	90.39752135268787	3.6254539397486854
549.0	90.38616581720356	3.6231072076829185
550.0	90.37480995123656	3.6207686309555576
551.0	90.3634537525246	3.6184381886022017
552.0	90.3520972188055	3.6161158596872482
553.0	90.34074034781698	3.6138016233038974
554.0	90.3293831372968	3.6114954585741432
555.0	90.31802558498275	3.6091973446487824
556.0	90.3066676886126	3.60690726070741
557.0	90.2953094459241	3.6046251859584206
558.0	90.28395085465503	3.602351099639008
559.0	90.27259191254315	3.6000849810151654
560.0	90.2612326173262	3.597826809381686
561.0	90.24987296674198	3.595576564062161
562.0	90.23851295852822	3.593334224408981
563.0	90.22715259042272	3.5910997698033373
564.0	90.21579186016321	3.588873179655219
565.0	90.20443076548747	3.5866544334034165
566.0	90.19306930413329	3.5844435105155155
567.0	90.1817074738384	3.582240390487906
568.0	90.1703452723406	3.5800450528457737
569.0	90.15898269737761	3.5778574771431058
570.0	90.14761974668723	3.575677642962685
571.0	90.13625641800719	3.5735055299161
572.0	90.1248927090753	3.571341117643733
573.0	90.11352861762929	3.569184385814769
574.0	90.10216414140694	3.567035314127188
575.0	90.09079927814601	3.564893882307774
576.0	90.07943402558428	3.5627600701121076
577.0	90.06806838145948	3.560633857324571
578.0	90.05670234350941	3.558515223758343
579.0	90.04533590947183	3.5564041492554015
580.0	90.03396907708449	3.554300613686528
581.0	90.02260184408516	3.552204596951298
582.0	90.01123420821159	3.55011607897809
583.0	89.99986616720159	3.548035039724081
584.0	89.98849771879287	3.5459614591752446
585.0	89.97712886072324	3.543895317346358
586.0	89.96575959073044	3.5418365942809946
587.0	89.95438990655224	3.539785270051528
588.0	89.9430198059264	3.537741324759133
589.0	89.9316492865907	3.53570473853378
590.0	89.92027834628288	3.533675491534242
591.0	89.90890698274073	3.531653563948089
592.0	89.897535193702	3.5296389359916915
593.0	89.88616297690447	3.52763158791022
594.0	89.87479033008589	3.5256314999776417
595.0	89.86341725098403	3.5236386524967256
596.0	89.85204373733666	3.5216530257990395
597.0	89.84066978688152	3.51967460024495
598.0	89.82929539735642	3.517703356223623
599.0	89.81792056649908	3.5157392741530242
600.0	89.80654529204728	3.5137823344799184
601.0	89.7951695717388	3.5118325176798693
602.0	89.78379340331139	3.5098898042572406
603.0	89.77241678450282	3.5079541747451946
604.0	89.76103971305085	3.5060256097056923
605.0	89.74966218669326	3.504104089729496
606.0	89.7382842031678	3.5021895954361666
607.0	89.72690576021223	3.5002821074740633
608.0	89.71552685556432	3.498381606520347
609.0	89.70414748696184	3.496488073280973
610.0	89.69276765214256	3.4946014884907024
611.0	89.68138734884424	3.492721832913089
612.0	89.67000657480463	3.4908490873404925
613.0	89.65862532776151	3.488983232594066
614.0	89.64724360545266	3.487124249523765
615.0	89.63586140561581	3.4852721190083447
616.0	89.62447872598875	3.483426821955358
617.0	89.61309556430922	3.4815883393011586
618.0	89.601711918315	3.4797566520108987
619.0	89.59032778574388	3.477931741078528
620.0	89.5789431643336	3.4761135875267986
621.0	89.56755805182192	3.4743021724072616
622.0	89.5561724459466	3.472497476800263
623.0	89.54478634444543	3.4706994818149566
624.0	89.53339974505616	3.4689081685892877
625.0	89.52201264551655	3.4671235182900038
626.0	89.51062504356436	3.465345512112652
627.0	89.49923693693738	3.463574131281577
628.0	89.48784832337337	3.4618093570499266
629.0	89.47645920061007	3.460051170699642
630.0	89.46506956638527	3.45829955354147
631.0	89.45367941843672	3.4565544869149525
632.0	89.44228875450219	3.4548159521884316
633.0	89.43089757231945	3.4530839307590497
634.0	89.41950586962625	3.451358404052748
635.0	89.40811364416035	3.4496393535242684
636.0	89.39672089365956	3.4479267606571473
637.0	89.3853276158616	3.446220606963726
638.0	89.37393380850426	3.4445208739851423
639.0	89.36253946932528	3.442827543291333
640.0	89.35114459606245	3.441140596481036
641.0	89.33974918645352	3.4394600151817887
642.0	89.32835323823626	3.437785781049925
643.0	89.31695674914843	3.436117875770581
644.0	89.30555971692779	3.4344562810576895
645.0	89.29416213931212	3.432800978653984
646.0	89.28276401403919	3.4311519503309977
647.0	89.27136533884673	3.4295091778890634
648.0	89.25996611147255	3.427872643157313
649.0	89.2485663296544	3.4262423279936742
650.0	89.23716599113001	3.42461821428488
651.0	89.2257650936372	3.423000283946458
652.0	89.21436363491368	3.421388518922738
653.0	89.20296161269725	3.4197829011868475
654.0	89.19155902472568	3.418183412740714
655.0	89.1801558687367	3.4165900356150627
656.0	89.16875214246812	3.415002751869421
657.0	89.15734784365767	3.4134215435921127
658.0	89.14594297004314	3.4118463929002627
659.0	89.13453751936227	3.410277281939796
660.0	89.12313148935284	3.4087141928854345
661.0	89.11172487775262	3.407157107940701
662.0	89.10031768229933	3.405606009337917
663.0	89.08890990073081	3.404060879338204
664.0	89.07750153078477	3.40252170023148
665.0	89.066092570199	3.400988454336468
666.0	89.05468301671125	3.3994611240006845
667.0	89.04327286805929	3.397939691600449
668.0	89.0318621219809	3.396424139540878
669.0	89.0204507762138	3.39491445025589
670.0	89.0090388284958	3.393410606208197
671.0	88.99762627656466	3.39191258988932
672.0	88.98621311815812	3.39042038381957
673.0	88.97479935101397	3.3889339705480626
674.0	88.96338497286996	3.3874533326527083
675.0	88.95196998146386	3.385978452740225
676.0	88.94055437453345	3.3845093134461206
677.0	88.92913814981647	3.3830458974347084
678.0	88.91772130505069	3.3815881873990974
679.0	88.90630383797387	3.3801361660611993
680.0	88.89488574632378	3.3786898161717205
681.0	88.88346702783821	3.3772491205101725
682.0	88.8720476802549	3.3758140618848613
683.0	88.86062770131161	3.3743846231328942
684.0	88.84920708874613	3.3729607871201774
685.0	88.83778584029619	3.3715425367414182
686.0	88.82636395369958	3.3701298549201195
687.0	88.81494142669406	3.368722724608587
688.0	88.80351825701737	3.367321128787924
689.0	88.79209444240733	3.3659250504680336
690.0	88.78066998060166	3.364534472687616
691.0	88.76924486933814	3.3631493785141777
692.0	88.75781910635453	3.3617697510440134
693.0	88.74639268938861	3.3603955734022266
694.0	88.73496561617812	3.359026828742718
695.0	88.72353788446084	3.3576635002481847
696.0	88.71210949197453	3.356305571130124
697.0	88.70068043645695	3.354953024628835
698.0	88.68925071564588	3.3536058440134124
699.0	88.67782032727908	3.352264012581754
700.0	88.66638926909431	3.350927513660555
701.0	88.65495753882934	3.349596330605309
702.0	88.64352513422192	3.3482704468003095
703.0	88.63209205300984	3.3469498456586515
704.0	88.62065829293084	3.3456345106222263
705.0	88.6092238517227	3.3443244251617257
706.0	88.59778872712317	3.3430195727766416
707.0	88.58635291687004	3.341719936995264
708.0	88.57491641870105	3.3404255013746824
709.0	88.56347923035399	3.339136249500785
710.0	88.5520413495666	3.3378521649882624
711.0	88.54060277407666	3.336573231480601
712.0	88.52916350162192	3.3352994326500873
713.0	88.51772352994017	3.3340307521978088
714.0	88.50628285676916	3.3327671738536493
715.0	88.49484147984663	3.331508681376297
716.0	88.48339939691039	3.330255258553232
717.0	88.47195660569818	3.3290068892007407
718.0	88.46051310394778	3.327763557163904
719.0	88.44906888939693	3.3265252463166055
720.0	88.43762395978341	3.325291940561525
721.0	88.426178312845	3.3240636238301464
722.0	88.41473194631943	3.3228402800827466
723.0	88.4032848579445	3.3216218933084054
724.0	88.39183704545793	3.3204084475250015
725.0	88.38038850659754	3.319199926779214
726.0	88.36893923910105	3.3179963151465195
727.0	88.35748924070626	3.3167975967311927
728.0	88.34603850915092	3.3156037556663125
729.0	88.33458704217279	3.3144147761137535
730.0	88.32313483750963	3.3132306422641893
731.0	88.31168189289922	3.312051338337093
732.0	88.3002282060793	3.31087684858074
733.0	88.28877377478766	3.309707157272199
734.0	88.27731859676206	3.308542248717346
735.0	88.26586266974027	3.3073821072508487
736.0	88.25440599146005	3.3062267172361794
737.0	88.24294855965915	3.3050760630656066
738.0	88.23149037207536	3.3039301291602006
739.0	88.22003142644643	3.302788899969827
740.0	88.20857172051011	3.3016523599731546
741.0	88.19711125200418	3.300520493677652
742.0	88.18565001866642	3.299393285619584
743.0	88.17418801823459	3.298270720364014
744.0	88.16272524844643	3.2971527825048086
745.0	88.15126170703972	3.2960394566646336
746.0	88.13979739175224	3.29493072749495
747.0	88.12833230032173	3.293826579676022
748.0	88.11686643048597	3.2927269979169105
749.0	88.10539977998272	3.2916319669554768
750.0	88.09393234654974	3.2905414715583827
751.0	88.08246412792481	3.289455496521086
752.0	88.07099512184567	3.2883740266678463
753.0	88.05952532605012	3.287297046851725
754.0	88.0480547382759	3.2862245419545766
755.0	88.03658335626076	3.2851564968870584
756.0	88.0251111777425	3.284092896588629
757.0	88.01363820045889	3.2830337260275426
758.0	88.00216442214764	3.281978970200855
759.0	87.99068984054655	3.2809286141344187
760.0	87.9792144533934	3.2798826428828898
761.0	87.96773825842594	3.278841041529721
762.0	87.95626125338192	3.2778037951871615
763.0	87.94478343599914	3.276770888996267
764.0	87.93330480401534	3.275742308126884
765.0	87.92182535516828	3.2747180377776677
766.0	87.91034508719574	3.273698063176066
767.0	87.89886399783546	3.2726823695783245
768.0	87.88738208482523	3.2716709422694943
769.0	87.87589934590281	3.270663766563422
770.0	87.86441577880598	3.269660827802755
771.0	87.85293138127247	3.2686621113589367
772.0	87.84144615104007	3.2676676026322165
773.0	87.82996008584654	3.266677287051637
774.0	87.81847318342963	3.2656911500750394
775.0	87.80698544152713	3.264709177189072
776.0	87.79549685787678	3.263731353909175
777.0	87.78400743021636	3.2627576657795885
778.0	87.77251715628364	3.2617880983733563
779.0	87.76102603381636	3.260822637292315
780.0	87.74953406055232	3.259861268167112
781.0	87.73804123422927	3.258903976657178
782.0	87.72654755258496	3.257950748450756
783.0	87.71505301335718	3.257001569264883
784.0	87.70355761428367	3.256056424845396
785.0	87.69206135310219	3.255115300966929
786.0	87.68056422755053	3.2541781834329218
787.0	87.66906623536646	3.2532450580756054
788.0	87.65756737428772	3.252315910756017
789.0	87.64606764205209	3.251390727363988
790.0	87.63456703639733	3.2504694938181524
791.0	87.62306555506122	3.2495521960659417
792.0	87.61156319578149	3.248638820083587
793.0	87.60005995629592	3.24772935187612
794.0	87.58855583434229	3.2468237774773696
795.0	87.57705082765835	3.245922082949967
796.0	87.56554493398188	3.2450242543853394
797.0	87.55403815105063	3.2441302779037127
798.0	87.54253047660237	3.243240139654119
799.0	87.53102190837487	3.242353825814382
800.0	87.51951244410589	3.2414713225911282
801.0	87.50800208153318	3.2405926162197822
802.0	87.49649081839452	3.2397176929645677
803.0	87.48497865242767	3.2388465391185117
804.0	87.4734655813704	3.237979141003435
805.0	87.4619516029605	3.2371154849699595
806.0	87.45043671493569	3.2362555573975067
807.0	87.43892091503375	3.2353993446943012
808.0	87.42740420099246	3.234546833297359
809.0	87.41588657054956	3.2336980096725028
810.0	87.40436802144283	3.2328528603143494
811.0	87.39284855141004	3.2320113717463164
812.0	87.38132815818894	3.2311735305206244
813.0	87.3698068395173	3.230339323218289
814.0	87.3582845931329	3.229508736449124
815.0	87.34676141677349	3.2286817568517474
816.0	87.33523730817683	3.2278583710935744
817.0	87.3237122650807	3.227038565870819
818.0	87.31218628522285	3.2262223279084927
819.0	87.30065936634105	3.2254096439604094
820.0	87.28913150617308	3.22460050080918
821.0	87.27760270245666	3.2237948852662175
822.0	87.26607295292962	3.2229927841717316
823.0	87.25454225532968	3.222194184394732
824.0	87.24301060739461	3.2213990728330297
825.0	87.23147800686219	3.2206074364132293
826.0	87.21994445147018	3.219819262090743
827.0	87.20840993895634	3.219034536849774
828.0	87.19687446705844	3.2182532477033328
829.0	87.18533803351423	3.2174753816932222
830.0	87.17380063606147	3.2167009258900494
831.0	87.16226227243796	3.2159298673932155
832.0	87.15072294038144	3.215162193330926
833.0	87.13918263762969	3.2143978908601856
834.0	87.12764136192045	3.2136369471667945
835.0	87.11609911099151	3.2128793494653554
836.0	87.10455588258063	3.2121250849992684
837.0	87.09301167442555	3.2113741410407326
838.0	87.08146648426407	3.210626504890752
839.0	87.06992030983393	3.2098821638791195
840.0	87.05837314887292	3.2091411053644365
841.0	87.04682499911877	3.2084033167341
842.0	87.03527585830928	3.2076687854043064
843.0	87.02372572418219	3.2069374988200527
844.0	87.01217459447528	3.206209444455132
845.0	87.0006224669263	3.205484609812141
846.0	86.98906933927303	3.204762982422474
847.0	86.97751520925323	3.204044549846323
848.0	86.96596007460465	3.203329299672679
849.0	86.95440393306508	3.202617219519335
850.0	86.94284678237227	3.201908297032886
851.0	86.931288620264	3.2012025198887164
852.0	86.91972944447801	3.2004998757910212
853.0	86.90816925275207	3.1998003524727867
854.0	86.89660804282397	3.1991039376958024
855.0	86.88504581243146	3.198410619250654
856.0	86.87348255931228	3.1977203849567304
857.0	86.86191828120423	3.197033222662219
858.0	86.85035297584506	3.1963491202441023
859.0	86.83878664097254	3.195668065608167
860.0	86.82721927432443	3.1949900466889973
861.0	86.8156508736385	3.194315051449975
862.0	86.80408143665251	3.193643067883287
863.0	86.79251096110423	3.192974084009911
864.0	86.78093944473142	3.1923080878796317
865.0	86.76936688527182	3.1916450675710273
866.0	86.75779328046325	3.190985011191479
867.0	86.74621862804344	3.190327906877166
868.0	86.73464292575017	3.1896737427930675
869.0	86.72306617132118	3.189022507132962
870.0	86.71148836249425	3.188374188119425
871.0	86.69990949700716	3.187728774003835
872.0	86.68832957259765	3.187086253066366
873.0	86.6767485870035	3.1864466136159955
874.0	86.66516653796246	3.185809843990496
875.0	86.65358342321231	3.1851759325564424
876.0	86.64199924049082	3.1845448677092074
877.0	86.63041398753573	3.183916637872963
878.0	86.61882766208484	3.183291231500681
879.0	86.60724026187587	3.182668637074134
880.0	86.59565178464663	3.18204884310389
881.0	86.58406222813485	3.18143183812932
882.0	86.57247159007832	3.1808176107185933
883.0	86.56087986821477	3.180206149468678
884.0	86.54928706028201	3.179597443005338
885.0	86.53769316401778	3.1789914799831474
886.0	86.52609817715985	3.178388249085467
887.0	86.51450209744598	3.1777877390244633
888.0	86.50290492261395	3.1771899385411033
889.0	86.49130665040151	3.1765948364051475
890.0	86.47970727854643	3.176002421415162
891.0	86.46810680478646	3.1754126823985085
892.0	86.45650522685938	3.1748256082113486
893.0	86.44490254250294	3.1742411877386454
894.0	86.43329874945493	3.1736594098941575
895.0	86.42169384545312	3.173080263620446
896.0	86.41008782823525	3.1725037378888685
897.0	86.39848069553908	3.171929821699586
898.0	86.3868724451024	3.1713585040815553
899.0	86.37526307466295	3.170789774092533
900.0	86.36365258195852	3.1702236208190757
901.0	86.35204096472684	3.1696600333765397
902.0	86.3404282207057	3.169099000909078
903.0	86.32881434763289	3.168540512589649
904.0	86.31719934324612	3.167984557620004
905.0	86.3055832052832	3.167431125230696
906.0	86.29396593148186	3.166880204681077
907.0	86.28234751957989	3.1663317852592994
908.0	86.27072796731504	3.165785856282315
909.0	86.25910727242507	3.165242407095871
910.0	86.24748543264778	3.164701427074519
911.0	86.2358624457209	3.164162905621609
912.0	86.2242383093822	3.163626832169286
913.0	86.21261302136946	3.1630931961784987
914.0	86.20098657942043	3.1625619871389956
915.0	86.18935898127287	3.1620331945693216
916.0	86.17773022466457	3.1615068080168203
917.0	86.16610030733328	3.1609828170576386
918.0	86.15446922701675	3.16046121129672
919.0	86.14283698145277	3.159941980367805
920.0	86.13120356837909	3.159425113933442
921.0	86.11956898553349	3.158910601684969
922.0	86.10793323065371	3.158398433342527
923.0	86.09629630147755	3.1578885986550573
924.0	86.08465819574273	3.1573810874003003
925.0	86.07301891118706	3.156875889384794
926.0	86.06137844554827	3.1563729944438776
927.0	86.04973679656413	3.1558723924416885
928.0	86.03809396197242	3.1553740732711635
929.0	86.02644993951091	3.154878026854039
930.0	86.01480472691735	3.1543842431408518
931.0	86.0031583219295	3.1538927121109346
932.0	85.99151072228514	3.153403423772423
933.0	85.97986192572202	3.1529163681622516
934.0	85.96821192997793	3.1524315353461505
935.0	85.9565607327906	3.1519489154186546
936.0	85.9449083318978	3.1514684985030925
937.0	85.93325472503733	3.1509902747515968
938.0	85.92159990994693	3.1505142343450996
939.0	85.90994388436437	3.150040367493328
940.0	85.8982866460274	3.1495686644348098
941.0	85.88662819267381	3.149099115436875
942.0	85.87496852204134	3.148631710795649
943.0	85.86330763186777	3.1481664408360586
944.0	85.85164551989087	3.1477032959118327
945.0	85.83998218384838	3.147242266405493
946.0	85.82831762147809	3.1467833427283654
947.0	85.81665183051776	3.146326515320573
948.0	85.80498480870514	3.1458717746510416
949.0	85.79331655377801	3.145419111217491
950.0	85.78164706347414	3.1449685155464424
951.0	85.76997633553128	3.144519978193219
952.0	85.7583043676872	3.14407348974194
953.0	85.74663115767967	3.1436290408055254
954.0	85.73495670324644	3.1431866220256928
955.0	85.72328100212529	3.142746224072963
956.0	85.71160405205397	3.142307837646653
957.0	85.69992585077027	3.1418714534748773
958.0	85.68824639601195	3.141437062314555
959.0	85.67656568551674	3.1410046549514004
960.0	85.66488371702243	3.1405742221999278
961.0	85.6532004882668	3.140145754903452
962.0	85.6415159969876	3.139719243934087
963.0	85.62983024092257	3.1392946801927444
964.0	85.61814321780952	3.138872054609137
965.0	85.60645492538619	3.138451358141775
966.0	85.59476536139036	3.13803258177797
967.0	85.58307452355976	3.137615716533833
968.0	85.57138240963219	3.1372007534542705
969.0	85.5596890173454	3.136787683612993
970.0	85.54799434443717	3.136376498112507
971.0	85.53629838864524	3.1359671880841202
972.0	85.52460114770739	3.1355597446879413
973.0	85.51290261936138	3.1351541591128735
974.0	85.50120280134499	3.1347504225766234
975.0	85.48950169139597	3.1343485263256934
976.0	85.47779928725208	3.13394846163539
977.0	85.46609558665111	3.133550219809815
978.0	85.45439058733079	3.133153792181869
979.0	85.44268428702891	3.1327591701132556
980.0	85.43097668348321	3.132366344994475
981.0	85.41926777443148	3.131975308244827
982.0	85.40755755761148	3.1315860513124134
983.0	85.39584603076098	3.1311985656741306
984.0	85.38413319161774	3.130812842835677
985.0	85.3724190379195	3.13042887433155
986.0	85.36070356740406	3.1300466517250483
987.0	85.34898677780917	3.1296661666082666
988.0	85.33726866687259	3.1292874106020987
989.0	85.32554923233208	3.128910375356241
990.0	85.31382847192543	3.1285350525491875
991.0	85.3021063833904	3.1281614338882324
992.0	85.29038296446474	3.127789511109467
993.0	85.27865821288621	3.1274192759777826
994.0	85.2669321263926	3.1270507202868725
995.0	85.25520470272166	3.126683835859225
996.0	85.24347593961114	3.1263186145461317
997.0	85.23174583479883	3.125955048227679
998.0	85.22001438602247	3.125593128812758
999.0	85.20828159101985	3.1252328482390572
1000.0	85.19654744752873	3.1248741984730612
1001.0	85.18481195328687	3.124517171510056
1002.0	85.17307510603203	3.12416175937413
1003.0	85.16133690350199	3.123807954118166
1004.0	85.1495973434345	3.1234557478238494
1005.0	85.13785642356731	3.1231051326016632
1006.0	85.12611414163823	3.122756100590888
1007.0	85.11437049538496	3.12240864395961
1008.0	85.10262548254533	3.1220627549047104
1009.0	85.09087910085708	3.121718425651866
1010.0	85.07913134805797	3.1213756484555617
1011.0	85.06738222188578	3.1210344155990737
1012.0	85.05563172007825	3.120694719394483
1013.0	85.04387984037317	3.120356552182664
1014.0	85.03212658050828	3.120019906333299
1015.0	85.02037193822136	3.119684774244862
1016.0	85.00861591125015	3.119351148344626
1017.0	84.99685849733247	3.1190190210886715
1018.0	84.98509969420604	3.11868838496187
1019.0	84.97333949960864	3.1183592324778955
1020.0	84.96157791127803	3.1180315561792233
1021.0	84.94981492695197	3.117705348637123
1022.0	84.93805054436825	3.117380602451668
1023.0	84.92628476126461	3.11705731025173
1024.0	84.91451757537882	3.116735464694976
1025.0	84.90274898444864	3.11641505846788
1026.0	84.89097898621183	3.116096084285709
1027.0	84.8792075784062	3.11577853489253
1028.0	84.86743475876946	3.1154624030612132
1029.0	84.8556605250394	3.1151476815934256
1030.0	84.84388487495379	3.114834363319631
1031.0	84.83210780625036	3.1145224410990955
1032.0	84.82032931666693	3.114211907819884
1033.0	84.8085494039412	3.1139027563988626
1034.0	84.796768065811	3.1135949797816926
1035.0	84.78498530001406	3.1132885709428377
1036.0	84.77320110428815	3.1129835228855605
1037.0	84.76141547637103	3.11267982864192
1038.0	84.74962841400048	3.112377481272778
1039.0	84.73783991491425	3.1120764738677957
1040.0	84.7260499768501	3.1117767995454324
1041.0	84.71425859754582	3.111478451452942
1042.0	84.70246577473914	3.1111814227663896
1043.0	84.69067150616785	3.1108857066906292
1044.0	84.67887578956972	3.110591296459316
1045.0	84.6670786226825	3.110298185334907
1046.0	84.65528000324394	3.1100063666086584
1047.0	84.64347992899185	3.109715833600623
1048.0	84.63167839766396	3.109426579659653
1049.0	84.61987540699805	3.109138598163405
1050.0	84.60807095473187	3.1088518825183296
1051.0	84.59626503860318	3.108566426159678
1052.0	84.58445765634977	3.1082822225515025
1053.0	84.5726488057094	3.107999265186651
1054.0	84.56083848441983	3.107717547586776
1055.0	84.54902669021881	3.107437063302324
1056.0	84.53721342084413	3.107157805912546
1057.0	84.52539867403354	3.106879769025485
1058.0	84.5135824475248	3.106602946277992
1059.0	84.50176473905569	3.1063273313357085
1060.0	84.48994554636396	3.106052917893084
1061.0	84.47812486718738	3.1057796996733646
1062.0	84.46630269926372	3.105507670428591
1063.0	84.45447904033074	3.1052368239396055
1064.0	84.44265388812622	3.104967154016054
1065.0	84.4308272403879	3.104698654496376
1066.0	84.41899909485356	3.104431319247813
1067.0	84.40716944926096	3.104165142166408
1068.0	84.39533830134786	3.1039001171769987
1069.0	84.38350564885204	3.1036362382332223
1070.0	84.37167148951124	3.1033734993175215
1071.0	84.35983582106326	3.103111894441131
1072.0	84.34799864124584	3.1028514176440893
1073.0	84.33615994779674	3.102592062995232
1074.0	84.32431973845375	3.102333824592197
1075.0	84.31247801095462	3.102076696561415
1076.0	84.30063476303711	3.1018206730581217
1077.0	84.28878999243899	3.1015657482663532
1078.0	84.27694369689802	3.1013119163989407
1079.0	84.26509587415197	3.1010591716975173
1080.0	84.2532465219386	3.1008075084325144
1081.0	84.24139563799571	3.1005569209031596
1082.0	84.229543220061	3.1003074034374873
1083.0	84.2176892658723	3.1000589503923255
1084.0	84.20583377316731	3.0998115561533024
1085.0	84.19397673968386	3.099565215134846
1086.0	84.18211816315967	3.099319921780184
1087.0	84.1702580413325	3.099075670561344
1088.0	84.15839637194016	3.0988324559791485
1089.0	84.14653315272038	3.0985902725632255
1090.0	84.13466838141093	3.098349114872002
1091.0	84.12280205574959	3.0981089774926973
1092.0	84.1109341734741	3.0978698550413357
1093.0	84.09906473232225	3.0976317421627417
1094.0	84.08719373003179	3.0973946335305333
1095.0	84.07532116434048	3.0971585238471353
1096.0	84.06344703298609	3.0969234078437684
1097.0	84.05157133370639	3.0966892802804495
1098.0	84.03969406423916	3.0964561359459988
1099.0	84.02781522232213	3.096223969658035
1100.0	84.01593480569309	3.0959927762629764
1101.0	84.0040528120898	3.0957625506360364
1102.0	83.99216923925002	3.0955332876812363
1103.0	83.9802840849115	3.095304982331388
1104.0	83.96839734681203	3.0950776295481064
1105.0	83.95650902268937	3.094851224321809
1106.0	83.94461911028128	3.094625761671706
1107.0	83.93272760732553	3.0944012366458105
1108.0	83.92083451155989	3.094177644320936
1109.0	83.9089398207221	3.093954979802693
1110.0	83.89704353254996	3.093733238225492
1111.0	83.88514564478119	3.093512414752542
1112.0	83.8732461551536	3.093292504575855
1113.0	83.86134506140492	3.093073502916237
1114.0	83.84944236127293	3.0928554050233
1115.0	83.8375380524954	3.0926382061754456
1116.0	83.82563213281011	3.092421901679883
1117.0	83.8137245999548	3.0922064868726182
1118.0	83.80181545166722	3.091991957118457
1119.0	83.78990468568517	3.0917783078110026
1120.0	83.77799229974639	3.091565534372659
1121.0	83.76607829158867	3.091353632254629
1122.0	83.75416265894972	3.0911425969369164
1123.0	83.74224539956738	3.090932423928321
1124.0	83.73032651117938	3.0907231087664444
1125.0	83.71840599152347	3.0905146470176863
1126.0	83.70648383833745	3.0903070342772483
1127.0	83.69456004935904	3.0901002661691273
1128.0	83.68263462232605	3.0898943383461206
1129.0	83.6707075549762	3.089689246489829
1130.0	83.6587788450473	3.0894849863106475
1131.0	83.64684849027707	3.0892815535477722
1132.0	83.6349164884033	3.089078943969197
1133.0	83.62298283716378	3.0888771533717203
1134.0	83.61104753429623	3.088676177580933
1135.0	83.59911057753844	3.088476012451229
1136.0	83.58717196462817	3.088276653865801
1137.0	83.57523169330317	3.0880780977366418
1138.0	83.56328976130122	3.0878803400045434
1139.0	83.55134616636009	3.087683376639093
1140.0	83.53940090621752	3.087487203638684
1141.0	83.5274539786113	3.0872918170305037
1142.0	83.5155053812792	3.0870972128705403
1143.0	83.50355511195896	3.0869033872435825
1144.0	83.49160316838837	3.0867103362632182
1145.0	83.47964954830518	3.0865180560718306
1146.0	83.46769424944715	3.0863265428406064
1147.0	83.45573726955205	3.086135792769534
1148.0	83.44377860635764	3.0859458020873953
1149.0	83.43181825760169	3.0857565670517735
1150.0	83.41985622102197	3.085568083949052
1151.0	83.40789249435625	3.0853803490944127
1152.0	83.39592707534229	3.085193358831839
1153.0	83.38395996171784	3.085007109534109
1154.0	83.37199115122067	3.084821597602804
1155.0	83.36002064158856	3.084636819468302
1156.0	83.34804843055926	3.084452771589787
1157.0	83.33607451587054	3.0842694504552295
1158.0	83.32409889526016	3.0840868525814114
1159.0	83.3121215664659	3.0839049745139104
1160.0	83.30014252722552	3.0837238128270976
1161.0	83.28816177527676	3.083543364124154
1162.0	83.27617930835743	3.0833636250370504
1163.0	83.26419512420526	3.0831845922265613
1164.0	83.25220922055802	3.0830062623822587
1165.0	83.24022159515347	3.0828286322225202
1166.0	83.22823224572939	3.082651698494512
1167.0	83.21624117002354	3.082475457974209
1168.0	83.20424836577368	3.0822999074663793
1169.0	83.19225383071759	3.082125043804593
1170.0	83.18025756259303	3.0819508638512207
1171.0	83.16825955913774	3.08177736449743
1172.0	83.15625981808951	3.0816045426631837
1173.0	83.1442583371861	3.081432395297257
1174.0	83.13225511416528	3.0812609193772116
1175.0	83.12025014676477	3.0810901119094147
1176.0	83.1082434327224	3.0809199699290266
1177.0	83.09623496977592	3.0807504905000194
1178.0	83.08422475566307	3.0805816707151497
1179.0	83.07221278812163	3.080413507695983
1180.0	83.06019906488937	3.0802459985928814
1181.0	83.04818358370404	3.0800791405850045
1182.0	83.03616634230342	3.0799129308803166
1183.0	83.02414733842525	3.079747366715575
1184.0	83.01212656980731	3.0795824453563396
1185.0	83.00010403418737	3.0794181640969702
1186.0	82.98807972930321	3.0792545202606214
1187.0	82.97605365289256	3.079091511199256
1188.0	82.96402580269321	3.078929134293625
1189.0	82.95199617644292	3.078767386953287
1190.0	82.93996477187943	3.0786062666165965
1191.0	82.92793158674054	3.078445770750708
1192.0	82.91589661876401	3.078285896851573
1193.0	82.90385986568756	3.07812664244395
1194.0	82.89182132524903	3.077968005081388
1195.0	82.87978099518612	3.077809982346238
1196.0	82.86773887323665	3.0776525718496517
1197.0	82.85569495713833	3.0774957712315794
1198.0	82.84364924462896	3.0773395781607715
1199.0	82.83160173344629	3.0771839903347753
1200.0	82.8195524213281	3.07702900547994
1201.0	82.80750130601214	3.076874621351414
1202.0	82.79544838523616	3.076720835733143
1203.0	82.78339365673796	3.0765676464378733
1204.0	82.77133711825529	3.076415051307149
1205.0	82.75927876752591	3.0762630482113185
1206.0	82.7472186022876	3.076111635049523
1207.0	82.73515662027812	3.075960809749706
1208.0	82.7230928192352	3.0758105702686107
1209.0	82.71102719689667	3.075660914591778
1210.0	82.69895975100022	3.0755118407335504
1211.0	82.68689047928368	3.0753633467370687
1212.0	82.67481937948477	3.0752154306742723
1213.0	82.66274644934128	3.0750680906458987
1214.0	82.65067168659098	3.07492132478149
1215.0	82.63859508897161	3.0747751312393796
1216.0	82.62651665422096	3.0746295082067063
1217.0	82.61443638007678	3.074484453899409
1218.0	82.60235426427684	3.0743399665622233
1219.0	82.59027030455887	3.0741960444686787
1220.0	82.5781844986607	3.074052685921116
1221.0	82.56609684432006	3.073909889250665
1222.0	82.5540073392747	3.0737676528172617
1223.0	82.54191598126243	3.0736259750096324
1224.0	82.52982276802096	3.073484854245316
1225.0	82.51772769728811	3.0733442889706395
1226.0	82.5056307668016	3.0732042776607336
1227.0	82.4935319742992	3.0730648188195264
1228.0	82.48143131751868	3.072925910979748
1229.0	82.46932879419785	3.072787552702928
1230.0	82.4572244020744	3.0726497425793893
1231.0	82.44511813888616	3.0725124792282648
1232.0	82.43301000237085	3.0723757612974767
1233.0	82.42089999026625	3.072239587463748
1234.0	82.40878810031013	3.072103956432606
1235.0	82.39667433024024	3.071968866938377
1236.0	82.38455867779437	3.071834317744181
1237.0	82.37244114071027	3.0717003076419416
1238.0	82.3603217167257	3.071566835452381
1239.0	82.34820040357842	3.0714339000250184
1240.0	82.33607719900621	3.0713015002381785
1241.0	82.32395210074684	3.071169634998976
1242.0	82.31182510653807	3.0710383032433315
1243.0	82.29969621411765	3.0709075039359646
1244.0	82.28756542122335	3.0707772360703944
1245.0	82.27543272559294	3.0706474986689303
1246.0	82.26329812496418	3.070518290782698
1247.0	82.25116161707484	3.0703896114916103
1248.0	82.2390231996627	3.0702614599043785
1249.0	82.22688287046549	3.0701338351585195
1250.0	82.214740627221	3.070006736420348
1251.0	82.202596467667	3.069880162884971
1252.0	82.19045038954123	3.069754113776308
1253.0	82.17830239058148	3.0696285883470695
1254.0	82.1661524685255	3.069503585878759
1255.0	82.15400062111104	3.0693791056816955
1256.0	82.1418468460759	3.069255147094984
1257.0	82.12969114115782	3.069131709486532
1258.0	82.11753350409457	3.0690087922530496
1259.0	82.10537393262393	3.068886394820044
1260.0	82.09321242448364	3.0687645166418207
1261.0	82.08104897741148	3.0686431572014867
1262.0	82.06888358914523	3.068522316010946
1263.0	82.05671625742262	3.068401992610902
1264.0	82.04454697998142	3.0682821865708627
1265.0	82.03237575455942	3.068162897489127
1266.0	82.02020257889438	3.0680441249928
1267.0	82.00802745072406	3.0679258687377793
1268.0	81.9958503677862	3.06780812840877
1269.0	81.98367132781861	3.067690903719273
1270.0	81.97149032855901	3.067574194411584
1271.0	81.9593073677452	3.0674580002568055
1272.0	81.94712244311492	3.067342321054834
1273.0	81.93493555240595	3.0672271566343676
1274.0	81.92274669335606	3.0671125068529004
1275.0	81.910555863703	3.066998371596733
1276.0	81.89836306118454	3.066884750780961
1277.0	81.88616828353844	3.066771644349472
1278.0	81.87397152850248	3.0666590522749666
1279.0	81.86177279381441	3.0665469745589404
1280.0	81.849572077212	3.066435411231678
1281.0	81.837369376433	3.066324362352276
1282.0	81.8251646892152	3.066213828008628
1283.0	81.81295801329637	3.066103808317418
1284.0	81.80074934641424	3.065994303424143
1285.0	81.78853868630661	3.065885313503088
1286.0	81.77632603071122	3.0657768387573405
1287.0	81.76411137736585	3.0656688794187916
1288.0	81.75189472400825	3.0655614357481284
1289.0	81.7396760683762	3.0654545080348337
1290.0	81.72745540820745	3.0653480965971966
1291.0	81.71523274123977	3.065242201782303
1292.0	81.70300806521095	3.0651368239660335
1293.0	81.69078137785873	3.065031963553074
1294.0	81.67855267692086	3.064927620976907
1295.0	81.66632196013514	3.0648237966998138
1296.0	81.65408922523932	3.064720491212878
1297.0	81.64185446997115	3.0646177050359804
1298.0	81.62961769206842	3.0645154387177977
1299.0	81.61737888926885	3.0644136928358128
1300.0	81.60513805931026	3.064312467996305
1301.0	81.59289519993041	3.064211764834348
1302.0	81.58065030886704	3.064111584013826
1303.0	81.56840338385791	3.064011926227405
1304.0	81.5561544226408	3.063912792196574
1305.0	81.54390342295348	3.0638141826716003
1306.0	81.5316503825337	3.0637160984315615
1307.0	81.51939529911922	3.063618540284329
1308.0	81.50713817044783	3.0635215090665784
1309.0	81.49487899425728	3.06342500564378
1310.0	81.48261776828534	3.06332903091021
1311.0	81.47035449026976	3.063233585788933
1312.0	81.45808915794832	3.0631386712318247
1313.0	81.4458217690588	3.063044288219554
1314.0	81.43355232133892	3.062950437761585
1315.0	81.42128081252648	3.0628571208961937
1316.0	81.40900724035924	3.0627643386904455
1317.0	81.39673160257495	3.0626720922402053
1318.0	81.38445389691138	3.062580382670136
1319.0	81.37217412110631	3.0624892111337108
1320.0	81.35989227289751	3.062398578813191
1321.0	81.34760835002271	3.0623084869196373
1322.0	81.33532235021971	3.062218936692921
1323.0	81.32303427122625	3.0621299294017
1324.0	81.3107441107801	3.062041466343436
1325.0	81.29845186661905	3.0619535488443916
1326.0	81.2861575364808	3.061866178259631
1327.0	81.2738611181032	3.0617793559730067
1328.0	81.26156260922396	3.0616930833971856
1329.0	81.24926200758087	3.0616073619736226
1330.0	81.23695931091167	3.061522193172573
1331.0	81.22465451695415	3.061437578493099
1332.0	81.21234762344605	3.0613535194630566
1333.0	81.20003862812516	3.061270017639097
1334.0	81.18772752872921	3.06118707460668
1335.0	81.17541432299602	3.0611046919800615
1336.0	81.16309900866331	3.06102287140229
1337.0	81.15078158346886	3.060941614545222
1338.0	81.13846204515043	3.0608609231095047
1339.0	81.12614039144579	3.0607807988245983
1340.0	81.1138166200927	3.060701243448751
1341.0	81.10149072882894	3.0606222587690106
1342.0	81.08916271539225	3.0605438466012256
1343.0	81.07683257752039	3.060466008790052
1344.0	81.06450031295117	3.06038874720893
1345.0	81.05216591942231	3.06031206376011
1346.0	81.0398293946716	3.060235960374642
1347.0	81.0274907364368	3.060160439012368
1348.0	81.01514994245566	3.0600855016619364
1349.0	81.00280701046597	3.06001115034079
1350.0	80.99046193820547	3.059937387095173
1351.0	80.97811472341195	3.059864214000129
1352.0	80.96576536382314	3.0597916331595
1353.0	80.95341385717684	3.0597196467059313
1354.0	80.9410602012108	3.059648256800859
1355.0	80.92870439366278	3.0595774656345283
1356.0	80.91634643227056	3.0595072754259753
1357.0	80.9039863147719	3.059437688423044
1358.0	80.89162403890455	3.0593687069023674
1359.0	80.87925960240628	3.0593003331693858
1360.0	80.86689300301487	3.0592325695583398
1361.0	80.85452423846806	3.0591654184322605
1362.0	80.84215330650365	3.059098882182988
1363.0	80.82978020485938	3.0590329632311546
1364.0	80.817404931273	3.058967664026194
1365.0	80.80502748348232	3.058902987046341
1366.0	80.79264785922507	3.0588389347986262
1367.0	80.78026605623903	3.0587755098188887
1368.0	80.76788207226195	3.0587127146717545
1369.0	80.75549590503161	3.058650551950655
1370.0	80.74310755228575	3.058589024277821
1371.0	80.73071701176217	3.058528134304282
1372.0	80.71832428119862	3.058467884709867
1373.0	80.70592935833287	3.058408278203205
1374.0	80.69353224090266	3.058349317521718
1375.0	80.68113292664579	3.0582910054316423
1376.0	80.6687314133	3.0582333447279964
1377.0	80.65632769860306	3.0581763382346074
1378.0	80.64392178029274	3.0581199888041026
1379.0	80.6315136561068	3.0580642993179055
1380.0	80.61910332378301	3.0580092726862316
1381.0	80.60669078105914	3.0579549118481144
1382.0	80.59427602567294	3.05790121977137
1383.0	80.58185905536219	3.05784819945262
1384.0	80.56943986786465	3.0577958539172867
1385.0	80.55701846091807	3.057744186219587
1386.0	80.54459483226023	3.0576931994425416
1387.0	80.53216897962889	3.05764289669797
1388.0	80.5197409007618	3.057593281126488
1389.0	80.50731059339677	3.057544355897511
1390.0	80.49487805527153	3.057496124209261
1391.0	80.48244328412385	3.057448589288747
1392.0	80.47000627769148	3.057401754391788
1393.0	80.45756703371222	3.057355622803
1394.0	80.44512554992382	3.0573101978357933
1395.0	80.43268182406403	3.0572654828323786
1396.0	80.42023585387062	3.057221481163774
1397.0	80.40778763708136	3.0571781962297884
1398.0	80.39533717143402	3.0571356314590283
1399.0	80.38288445466637	3.0570937903089104
1400.0	80.37042948451617	3.0570526762656383
1401.0	80.35797225872116	3.057012292844227
1402.0	80.34551277501913	3.0569726435884768
1403.0	80.33305103114785	3.056933732071003
1404.0	80.32058702484507	3.056895561893207
1405.0	80.30812075384854	3.056858136685294
1406.0	80.29565221589607	3.0568214601062715
1407.0	80.2831814087254	3.0567855358439475
1408.0	80.27070833007429	3.056750367614915
1409.0	80.25823297768049	3.056715959164587
1410.0	80.24575534928181	3.0566823142671664
1411.0	80.23327544261598	3.0566494367256487
1412.0	80.22079325542077	3.0566173303718385
1413.0	80.20830878543394	3.056585999066336
1414.0	80.19582203039326	3.056555446698541
1415.0	80.18333298803651	3.056525677186648
1416.0	80.17084165610146	3.0564966944776617
1417.0	80.15834803232583	3.05646850254738
1418.0	80.14585211444744	3.05644110540039
1419.0	80.13335390020401	3.056414507070099
1420.0	80.12085338733333	3.0563887116186965
1421.0	80.10835057357315	3.0563637231371796
1422.0	80.09584545666125	3.056339545745343
1423.0	80.08333803433537	3.056316183591777
1424.0	80.0708283043333	3.0562936408538737
1425.0	80.0583162643928	3.0562719217378316
1426.0	80.04580191225165	3.0562510304786357
1427.0	80.03328524564758	3.0562309713400784
1428.0	80.02076626231838	3.0562117486147535
1429.0	80.00824496000179	3.056193366624044
1430.0	79.9957213364356	3.0561758297181383
1431.0	79.98319538935758	3.0561591422760337
1432.0	79.97066711650544	3.056143308705507
1433.0	79.95813651561701	3.0561283334431506
1434.0	79.94560358443005	3.056114220954346
1435.0	79.93306832068228	3.056100975733283
1436.0	79.92053072211151	3.0560886023029386
1437.0	79.90799078645549	3.0560771052151066
1438.0	79.89544851145196	3.0560664890503637
1439.0	79.8829038948387	3.0560567584180904
1440.0	79.87035693435351	3.0560479179564726
1441.0	79.85780762773409	3.0560399723324907
1442.0	79.84525597271826	3.0560329262419224
1443.0	79.83270196704376	3.0560267844093483
1444.0	79.82014560844837	3.0560215515881484
1445.0	79.80758689466984	3.056017232560498
1446.0	79.79502582344594	3.0560138321373786
1447.0	79.78246239251443	3.056011355158568
1448.0	79.76989659961308	3.056009806492637
1449.0	79.75732844247966	3.0560091910369587
1450.0	79.74475791885192	3.0560095137177186
1451.0	79.73218502646763	3.056010779489884
1452.0	79.71960976306457	3.0560129933372258
1453.0	79.70703212638048	3.056016160272318
1454.0	79.69445211415317	3.056020285336535
1455.0	79.68186972412033	3.0560253736000482
1456.0	79.6692849540198	3.0560314301618234
1457.0	79.6566978015893	3.0560384601496384
1458.0	79.6441082645666	3.0560464687200546
1459.0	79.63151634068949	3.0560554610584374
1460.0	79.6189220276957	3.0560654423789697
1461.0	79.60632532332303	3.056076417924603
1462.0	79.59372622530923	3.0560883929671108
1463.0	79.58112473139205	3.056101372807058
1464.0	79.56852083930927	3.0561153627738125
1465.0	79.55591454679866	3.056130368225532
1466.0	79.54330585159798	3.0561463945491862
1467.0	79.53069475144497	3.056163447160535
1468.0	79.51808124407742	3.056181531504136
1469.0	79.50546532723311	3.056200653053359
1470.0	79.49284699864977	3.056220817310363
1471.0	79.4802262560652	3.0562420298061026
1472.0	79.46760309721714	3.056264296100342
1473.0	79.45497751984334	3.056287621781642
1474.0	79.4423495216816	3.056312012467352
1475.0	79.42971910046968	3.0563374738036364
1476.0	79.41708625394531	3.0563640114654524
1477.0	79.4044509798463	3.05639163115655
1478.0	79.39181327591041	3.056420338609488
1479.0	79.37917313987538	3.0564501395856225
1480.0	79.36653056947897	3.0564810398751048
1481.0	79.35388556245897	3.0565130452968905
1482.0	79.34123811655314	3.0565461616987313
1483.0	79.32858822949925	3.0565803949571735
1484.0	79.31593589903503	3.0566157509775786
1485.0	79.30328112289827	3.0566522356940893
1486.0	79.29062389882674	3.0566898550696533
1487.0	79.2779642245582	3.0567286150960276
1488.0	79.26530209783043	3.056768521793756
1489.0	79.25263751638117	3.056809581212185
1490.0	79.23997047794819	3.056851799429464
1491.0	79.22730098026926	3.056895182552538
1492.0	79.21462902108215	3.0569397367171516
1493.0	79.20195459812462	3.05698546808785
1494.0	79.1892777091344	3.0570323828579804
1495.0	79.17659835184932	3.0570804872496815
1496.0	79.1639165240071	3.0571297875138943
1497.0	79.15123222334553	3.0571802899303706
1498.0	79.13854544760237	3.057232000807645
1499.0	79.12585619451536	3.057284926483058
1500.0	79.1131644618223	3.05733907332275
1501.0	79.10047024726092	3.0573944477216632
1502.0	79.08777354856902	3.0574510561035333
1503.0	79.07507436348432	3.0575089049208946
1504.0	79.06237268974463	3.0575680006550936
1505.0	79.0496685250877	3.057628349816259
1506.0	79.03696186725129	3.0576899589433286
1507.0	79.02425271397317	3.057752834604041
1508.0	79.0115410629911	3.057816983394926
1509.0	78.99882691204284	3.057882411941317
1510.0	78.98611025886618	3.0579491268973498
1511.0	78.97339110119884	3.0580171349459553
1512.0	78.96066943677862	3.058086442798866
1513.0	78.94794526334327	3.0581570571966115
1514.0	78.93521857863058	3.058228984908523
1515.0	78.92248938037828	3.058302232732728
1516.0	78.90975766632417	3.0583768074961615
1517.0	78.89702343420598	3.0584527160545494
1518.0	78.8842866817615	3.0585299652924127
1519.0	78.87154740672847	3.058608562123083
1520.0	78.85880560684467	3.058688513488689
1521.0	78.84606127984787	3.0587698263601477
1522.0	78.83331442347584	3.0588525077371975
1523.0	78.82056503546633	3.0589365646483455
1524.0	78.80781311355712	3.059022004150928
1525.0	78.79505865548595	3.059108833331062
1526.0	78.7823016589906	3.059197059303672
1527.0	78.76954212180885	3.059286689212476
1528.0	78.75678004167844	3.0593777302299996
1529.0	78.74401541633713	3.0594701895575556
1530.0	78.73124824352271	3.0595640744252677
1531.0	78.71847852097294	3.0596593920920507
1532.0	78.70570624642558	3.0597561498456285
1533.0	78.69293141761838	3.0598543550025132
1534.0	78.68015403228912	3.0599540149080253
1535.0	78.66737408817558	3.0600551369362763
1536.0	78.6545915830155	3.0601577284901795
1537.0	78.64180651454666	3.060261797001458
1538.0	78.62901888050679	3.0603673499306168
1539.0	78.6162286786337	3.060474394766975
1540.0	78.60343590666514	3.060582939028634
1541.0	78.59064056233888	3.0606929902625204
1542.0	78.57784264339267	3.060804556044333
1543.0	78.56504214756428	3.0609176439785872
1544.0	78.55223907259149	3.061032261698592
1545.0	78.53943341621205	3.061148416866456
1546.0	78.52662517616372	3.0612661171730835
1547.0	78.51381435018425	3.061385370338188
1548.0	78.50100093601145	3.0615061841102698
1549.0	78.48818493138307	3.0616285662666414
1550.0	78.47536633403686	3.061752524613402
1551.0	78.46254514171059	3.061878066985463
1552.0	78.44972135214202	3.0620052012465244
1553.0	78.43689496306894	3.062133935289086
1554.0	78.42406597222907	3.062264277034456
1555.0	78.41123437736022	3.0623962344327325
1556.0	78.39840017620011	3.062529815462816
1557.0	78.38556336648656	3.0626650281324115
1558.0	78.37272394595729	3.062801880478016
1559.0	78.35988191235009	3.062940380564922
1560.0	78.34703726340271	3.0630805364872415
1561.0	78.33418999685293	3.0632223563678624
1562.0	78.3213401104385	3.0633658483584814
1563.0	78.30848760189718	3.0635110206395995
1564.0	78.29563246896676	3.063657881420513
1565.0	78.28277470938497	3.063806438939305
1566.0	78.26991432088961	3.0639567014628866
1567.0	78.25705130121843	3.0641086772869413
1568.0	78.24418564810918	3.064262374735958
1569.0	78.23131735929965	3.0644178021632396
1570.0	78.2184464325276	3.064574967950873
1571.0	78.20557286553078	3.0647338805097455
1572.0	78.19269665604698	3.064894548279548
1573.0	78.17981780181393	3.065056979728775
1574.0	78.1669363005694	3.0652211833547085
1575.0	78.1540521500512	3.0653871676834408
1576.0	78.14116534799706	3.0655549412698577
1577.0	78.12827589214473	3.065724512697641
1578.0	78.11538378023201	3.0658958905792866
1579.0	78.10248900999665	3.0660690835560724
1580.0	78.08959157917639	3.066244100298082
1581.0	78.07669148550903	3.066420949504208
1582.0	78.06378872673231	3.0665996399021203
1583.0	78.05088330058403	3.0667801802483066
1584.0	78.03797520480192	3.0669625793280595
1585.0	78.02506443712377	3.06714684595544
1586.0	78.01215099528733	3.0673329889733405
1587.0	77.99923487703035	3.067521017253445
1588.0	77.98631608009063	3.0677109396962217
1589.0	77.97339460220591	3.0679027652309507
1590.0	77.96047044111396	3.0680965028157177
1591.0	77.94754359455254	3.0682921614373893
1592.0	77.93461406025943	3.0684897501116466
1593.0	77.92168183597238	3.068689277882969
1594.0	77.90874691942918	3.068890753824617
1595.0	77.89580930836756	3.0690941870386825
1596.0	77.8828690005253	3.069299586656026
1597.0	77.86992599364018	3.069506961836326
1598.0	77.85698028544994	3.0697163217680536
1599.0	77.84403187369236	3.0699276756684792
1600.0	77.83108075610517	3.0701410327836696
1601.0	77.81812693042619	3.0703564023885037
1602.0	77.80517039439317	3.070573793786643
1603.0	77.79221114574386	3.070793216310557
1604.0	77.77924918221603	3.0710146793215185
1605.0	77.76628450154743	3.071238192209589
1606.0	77.75331710147586	3.0714637643936373
1607.0	77.74034697973906	3.07169140532133
1608.0	77.7273741340748	3.071921124469128
1609.0	77.71439856222082	3.0721529313422975
1610.0	77.70142026191493	3.0723868354749047
1611.0	77.68843923089489	3.072622846429814
1612.0	77.67545546689843	3.07286097379868
1613.0	77.66246896766333	3.073101227201969
1614.0	77.64947973092737	3.0733436162889407
1615.0	77.63648775442829	3.0735881507376552
1616.0	77.62349303590388	3.073834840254976
1617.0	77.6104955730919	3.074083694576558
1618.0	77.59749536373008	3.074334723466852
1619.0	77.58449240555623	3.0745879367191282
1620.0	77.5714866963081	3.0748433441554406
1621.0	77.55847823372346	3.0751009556266378
1622.0	77.54546701554005	3.0753607810123818
1623.0	77.53245303949566	3.0756228302211275
1624.0	77.51943630332806	3.0758871131901206
1625.0	77.506416804775	3.076153639885429
1626.0	77.49339454157423	3.076422420301888
1627.0	77.48036951146354	3.076693464463158
1628.0	77.46734171218068	3.076966782421698
1629.0	77.45431114146344	3.077242384258742
1630.0	77.44127779704957	3.077520280084345
1631.0	77.4282416766768	3.077800480037369
1632.0	77.41520277808296	3.078082994285444
1633.0	77.40216109900577	3.0783678330250255
1634.0	77.389116637183	3.078655006481371
1635.0	77.37606939035241	3.078944524908502
1636.0	77.36301935625178	3.0792363985892863
1637.0	77.3499665326189	3.079530637835362
1638.0	77.33691091719149	3.0798272529871693
1639.0	77.32385250770731	3.080126254413956
1640.0	77.31079130190417	3.0804276525137633
1641.0	77.29772729751981	3.0807314577134313
1642.0	77.28466049229199	3.0810376804686044
1643.0	77.27159088395848	3.081346331263725
1644.0	77.25851847025703	3.081657420612024
1645.0	77.24544324892544	3.0819709590555537
1646.0	77.23236521770144	3.082286957165144
1647.0	77.21928437432283	3.08260542554043
1648.0	77.20620071652733	3.08292637480986
1649.0	77.19311424205276	3.083249815630662
1650.0	77.18002494863683	3.083575758688872
1651.0	77.16693283401733	3.0839042146993303
1652.0	77.15383789593204	3.0842351944056707
1653.0	77.14074013211868	3.084568708580314
1654.0	77.12763954031507	3.084904768024512
1655.0	77.11453611825894	3.085243383568288
1656.0	77.10142986368807	3.0855845660704726
1657.0	77.08832077434022	3.0859283264187005
1658.0	77.07520884795314	3.086274675529402
1659.0	77.06209408226462	3.0866236243477996
1660.0	77.04897647501241	3.0869751838479322
1661.0	77.03585602393427	3.08732936503262
1662.0	77.02273272676797	3.087686178933492
1663.0	77.00960658125129	3.088045636610982
1664.0	76.99647758512197	3.0884077491543067
1665.0	76.9833457361178	3.0887725276814937
1666.0	76.97021103197653	3.0891399833393733
1667.0	76.95707347043592	3.0895101273035666
1668.0	76.94393304923375	3.089882970778489
1669.0	76.93078976610778	3.0902585249973797
1670.0	76.91764361879576	3.0906368012222436
1671.0	76.90449460503547	3.0910178107439106
1672.0	76.89134272256467	3.0914015648820037
1673.0	76.87818796912113	3.091788074984936
1674.0	76.86503034244262	3.0921773524299283
1675.0	76.85186984026689	3.092569408623007
1676.0	76.83870646033171	3.0929642549989773
1677.0	76.82554020037485	3.0933619030214636
1678.0	76.81237105813406	3.093762364182887
1679.0	76.79919903134713	3.09416565000445
1680.0	76.78602411775178	3.0945717720361734
1681.0	76.77284631508583	3.0949807418568844
1682.0	76.75966562108702	3.095392571074171
1683.0	76.74648203349312	3.095807271324471
1684.0	76.73329555004189	3.096224854272985
1685.0	76.72010616847108	3.096645331613717
1686.0	76.70691388651848	3.0970687150694935
1687.0	76.69371870192185	3.0974950163919184
1688.0	76.68052061241895	3.09792424736139
1689.0	76.66731961574752	3.098356419787135
1690.0	76.65411570964537	3.0987915455071553
1691.0	76.64090889185023	3.099229636388252
1692.0	76.6276991600999	3.0996707043260385
1693.0	76.61448651213212	3.1001147612449222
1694.0	76.60127094568465	3.100561819098097
1695.0	76.58805245849527	3.1010118898675825
1696.0	76.57483104830173	3.1014649855641734
1697.0	76.5616067128418	3.101921118227469
1698.0	76.54837944985326	3.1023802999258856
1699.0	76.53514925707385	3.1028425427566146
1700.0	76.52191613224136	3.103307858845656
1701.0	76.50868007309354	3.103776260347818
1702.0	76.49544107736816	3.104247759446696
1703.0	76.48219914280298	3.104722368354686
1704.0	76.46895426713579	3.1052000993129925
1705.0	76.4557064481043	3.1056809645916075
1706.0	76.4424556834463	3.106164976489329
1707.0	76.42920197089958	3.106652147333759
1708.0	76.4159453082019	3.1071424894812902
1709.0	76.402685693091	3.10763601531711
1710.0	76.38942312330465	3.108132737255224
1711.0	76.37615759658064	3.10863266773842
1712.0	76.36288911065671	3.109135819238289
1713.0	76.34961766327062	3.1096422042552274
1714.0	76.33634325216016	3.1101518353184208
1715.0	76.32306587506307	3.110664724985865
1716.0	76.30978552971712	3.111180885844356
1717.0	76.2965022138601	3.111700330509468
1718.0	76.28321592522974	3.112223071625595
1719.0	76.26992666156383	3.112749121865935
1720.0	76.25663442060014	3.113278493932463
1721.0	76.2433392000764	3.1138112005559635
1722.0	76.2300409977304	3.114347254496042
1723.0	76.2167398112999	3.1148866685410597
1724.0	76.20343563852265	3.1154294555082083
1725.0	76.19012847713645	3.1159756282434916
1726.0	76.17681832487904	3.116525199621664
1727.0	76.1635051794882	3.1170781825463227
1728.0	76.15018903870167	3.117634589949847
1729.0	76.13686990025724	3.118194434793415
1730.0	76.12354776189265	3.118757730067011
1731.0	76.11022262134568	3.119324488789417
1732.0	76.09689447635412	3.1198947240082044
1733.0	76.08356332465567	3.1204684487997563
1734.0	76.07022916398816	3.1210456762692473
1735.0	76.05689199208933	3.121626419550654
1736.0	76.04355180669694	3.1222106918067585
1737.0	76.03020860554875	3.122798506229132
1738.0	76.01686238638254	3.123389876038145
1739.0	76.00351314693607	3.123984814482977
1740.0	75.9901608849471	3.1245833348416028
1741.0	75.9768055981534	3.125185450420788
1742.0	75.96344728429273	3.1257911745561118
1743.0	75.95008594110286	3.1264005206119454
1744.0	75.93672156632155	3.1270135019814487
1745.0	75.92335415768656	3.127630132086608
1746.0	75.90998371293568	3.1282504243781832
1747.0	75.89661022980665	3.1288743923357387
1748.0	75.88323370603725	3.1295020494676518
1749.0	75.86985413936523	3.1301334093110813
1750.0	75.85647152752836	3.1307684854319935
1751.0	75.8430858682644	3.1314072914251674
1752.0	75.82969715931112	3.132049840914153
1753.0	75.8163053984063	3.1326961475513206
1754.0	75.80291058328768	3.1333462250178314
1755.0	75.78951271169305	3.1340000870236575
1756.0	75.77611178136016	3.134657747307544
1757.0	75.76270779002678	3.135319219637068
1758.0	75.74930073543067	3.135984517808584
1759.0	75.73589061530956	3.1366536556472466
1760.0	75.72247742740129	3.1373266470070345
1761.0	75.70906116944357	3.138003505770681
1762.0	75.69564183917419	3.1386842458497592
1763.0	75.6822194343309	3.139368881184634
1764.0	75.66879395265147	3.140057425744441
1765.0	75.65536539187366	3.1407498935271474
1766.0	75.64193374973524	3.1414462985595173
1767.0	75.62849902397399	3.1421466548970867
1768.0	75.61506121232765	3.1428509766242163
1769.0	75.60162031253398	3.1435592778540755
1770.0	75.58817632233078	3.1442715727285924
1771.0	75.57472923945579	3.144987875418534
1772.0	75.56127906164677	3.1457082001234467
1773.0	75.54782578664151	3.1464325610716806
1774.0	75.53436941217775	3.1471609725203895
1775.0	75.52090993599326	3.147893448755513
1776.0	75.50744735582582	3.1486300040918063
1777.0	75.49398166941316	3.1493706528728196
1778.0	75.48051287449309	3.150115409470899
1779.0	75.46704096880335	3.150864288287183
1780.0	75.45356595008171	3.151617303751626
1781.0	75.44008781606593	3.152374470322971
1782.0	75.42660656449377	3.153135802488755
1783.0	75.41312219310302	3.1539013147653328
1784.0	75.39963469963142	3.15467102169784
1785.0	75.38614408181674	3.1554449378602176
1786.0	75.37265033739673	3.156223077855212
1787.0	75.3591534641092	3.1570054563143652
1788.0	75.34565345969187	3.157792087898007
1789.0	75.33215032188254	3.158582987295289
1790.0	75.31864404841895	3.1593781692241416
1791.0	75.30513463703886	3.160177648431304
1792.0	75.29162208548006	3.1609814396923173
1793.0	75.27810639148029	3.161789557811512
1794.0	75.26458755277734	3.162602017622027
1795.0	75.25106556710895	3.1634188339858045
1796.0	75.2375404322129	3.164240021793569
1797.0	75.22401214582695	3.1650655959648546
1798.0	75.21048070568887	3.1658955714480004
1799.0	75.19694610953643	3.1667299632201384
1800.0	75.18340835510736	3.1675687862871897
1801.0	75.16986744013947	3.1684120556839033
1802.0	75.1563233623705	3.1692597864737957
1803.0	75.14277611953823	3.1701119937491984
1804.0	75.12922570938039	3.170968692631245
1805.0	75.11567212963479	3.1718298982698596
1806.0	75.10211537803917	3.1726956258437693
1807.0	75.0885554523313	3.1735658905605115
1808.0	75.07499235024895	3.1744407076563954
1809.0	75.06142606952989	3.1753200923965514
1810.0	75.04785660791185	3.176204060074917
1811.0	75.03428396313264	3.1770926260141983
1812.0	75.02070813293	3.177985805565926
1813.0	75.00712911504168	3.1788836141104366
1814.0	74.99354690720547	3.1797860670568263
1815.0	74.97996150715915	3.180693179843033
1816.0	74.96637291264044	3.181604967935781
1817.0	74.95278112138715	3.182521446830574
1818.0	74.939186131137	3.183442632051746
1819.0	74.9255879396278	3.184368539152407
1820.0	74.91198654459728	3.185299183714474
1821.0	74.89838194378322	3.186234581348673
1822.0	74.88477413492338	3.1871747476945154
1823.0	74.87116311575554	3.188119698420307
1824.0	74.85754888401745	3.1890694492231804
1825.0	74.84393143744687	3.190024015829045
1826.0	74.83031077378158	3.1909834139926043
1827.0	74.81668689075933	3.1919476594973792
1828.0	74.8030597861179	3.1929167681556816
1829.0	74.78942945759505	3.1938907558086207
1830.0	74.77579590292852	3.1948696383261126
1831.0	74.76215911985611	3.1958534316068645
1832.0	74.74851910611558	3.1968421515783807
1833.0	74.73487585944467	3.1978358141969836
1834.0	74.72122937758118	3.1988344354477665
1835.0	74.70757965826286	3.1998380313446395
1836.0	74.69392669922746	3.2008466179303197
1837.0	74.68027049821275	3.201860211276301
1838.0	74.66661105295651	3.2028788274828908
1839.0	74.65294836119648	3.203902482679204
1840.0	74.63928242067045	3.204931193023134
1841.0	74.62561322911618	3.2059649747013848
1842.0	74.61194078427144	3.2070038439294604
1843.0	74.59826508387397	3.2080478169516673
1844.0	74.58458612566156	3.2090969100410973
1845.0	74.57090390737196	3.210151139499658
1846.0	74.55721842674295	3.211210521658055
1847.0	74.54352968151227	3.2122750728757694
1848.0	74.5298376694177	3.213344809541119
1849.0	74.51614238819701	3.214419748071186
1850.0	74.50244383558797	3.2154999049118764
1851.0	74.48874200932832	3.2165852965378874
1852.0	74.47503690715584	3.217675939452706
1853.0	74.4613285268083	3.2187718501886318
1854.0	74.44761686602347	3.2198730453067683
1855.0	74.43390192253909	3.2209795413969884
1856.0	74.42018369409294	3.2220913550779975
1857.0	74.40646217842277	3.2232085029972977
1858.0	74.39273737326637	3.2243310018311586
1859.0	74.3790092763615	3.2254588682846834
1860.0	74.36527788544592	3.2265921190917686
1861.0	74.35154319825739	3.22773077101509
1862.0	74.33780521253368	3.228874840846143
1863.0	74.32406392601254	3.2300243454052113
1864.0	74.31031933643176	3.2311793015413834
1865.0	74.2965714415291	3.2323397261325564
1866.0	74.28282023904228	3.2335056360854053
1867.0	74.26906572670913	3.23467704833541
1868.0	74.25530790226739	3.2358539798468677
1869.0	74.24154676345482	3.237036447612861
1870.0	74.22778230800918	3.238224468655263
1871.0	74.21401453366826	3.239418060024765
1872.0	74.20024343816979	3.240617238800848
1873.0	74.18646901925158	3.241822022091784
1874.0	74.17269127465133	3.243032427034667
1875.0	74.15891020210684	3.2442484707953683
1876.0	74.1451257993559	3.2454701705685642
1877.0	74.13133806413624	3.2466975435777434
1878.0	74.11754699418564	3.2479306070751743
1879.0	74.10375258724186	3.249169378341933
1880.0	74.08995484104267	3.2504138746879025
1881.0	74.07615375332583	3.251664113451754
1882.0	74.0623493218291	3.25292011200096
1883.0	74.04854154429023	3.2541818877318067
1884.0	74.03473041844704	3.255449458069355
1885.0	74.02091594203725	3.2567228404674733
1886.0	74.00709811279863	3.2580020524088527
1887.0	73.99327692846896	3.2592871114049498
1888.0	73.979452386786	3.260578034996034
1889.0	73.96562448548748	3.261874840751187
1890.0	73.95179322231122	3.2631775462682673
1891.0	73.93795859499495	3.264486169173942
1892.0	73.92412060127643	3.26580072712369
1893.0	73.91027923889347	3.267121237801776
1894.0	73.89643450558378	3.2684477189212573
1895.0	73.88258639908517	3.2697801882240074
1896.0	73.86873491713537	3.2711186634806886
1897.0	73.85488005747216	3.272463162490757
1898.0	73.84102181783331	3.273813703082503
1899.0	73.82716019595657	3.275170303112957
1900.0	73.81329518957972	3.276532980467994
1901.0	73.79942679644051	3.277901753062295
1902.0	73.78555501427672	3.279276638839286
1903.0	73.77167984082611	3.2806576557712503
1904.0	73.75780127382643	3.282044821859247
1905.0	73.74391931101547	3.2834381551331235
1906.0	73.73003395013099	3.2848376736515403
1907.0	73.71614518891073	3.28624339550197
1908.0	73.70225302509249	3.2876553388006484
1909.0	73.68835745641401	3.2890735216926466
1910.0	73.67445848061304	3.2904979623518087
1911.0	73.66055609542738	3.291928678980795
1912.0	73.6466502985948	3.293365689811065
1913.0	73.63274108785303	3.2948090131028667
1914.0	73.61882846093987	3.296258667145245
1915.0	73.60491241559305	3.29771467025606
1916.0	73.59099294955035	3.299177040781967
1917.0	73.57707006054954	3.300645797098403
1918.0	73.5631437463284	3.3021209576096338
1919.0	73.54921400462464	3.3036025407487015
1920.0	73.53528083317607	3.305090564977445
1921.0	73.52134422972047	3.3065850487865283
1922.0	73.50740419199556	3.308086010695391
1923.0	73.49346071773914	3.309593469252274
1924.0	73.47951380468895	3.3111074430342318
1925.0	73.46556345058278	3.3126279506471095
1926.0	73.45160965315836	3.314155010725541
1927.0	73.43765241015348	3.3156886419329763
1928.0	73.42369171930589	3.317228862961667
1929.0	73.40972757835338	3.3187756925326344
1930.0	73.39575998503369	3.3203291493957416
1931.0	73.38178893708461	3.321889252329615
1932.0	73.36781443224388	3.3234560201416965
1933.0	73.35383646824928	3.325029471668235
1934.0	73.33985504283856	3.326609625774259
1935.0	73.3258701537495	3.328196501353608
1936.0	73.31188179871987	3.329790117328927
1937.0	73.2978899754874	3.331390492651648
1938.0	73.28389468178989	3.332997646301995
1939.0	73.26989591536508	3.334611597289023
1940.0	73.25589367395078	3.3362323646505603
1941.0	73.24188795528471	3.3378599674532285
1942.0	73.22787875710463	3.339494424792484
1943.0	73.21386607714834	3.3411357557925334
1944.0	73.1998499131536	3.342783979606418
1945.0	73.18583026285813	3.344439115415986
1946.0	73.17180712399974	3.3461011824318425
1947.0	73.1577804943162	3.347770199893424
1948.0	73.14375037154524	3.3494461870689762
1949.0	73.12971675342465	3.3511291632555
1950.0	73.11567963769218	3.3528191477788387
1951.0	73.10163902208562	3.3545161599936315
1952.0	73.08759490434271	3.356220219283276
1953.0	73.07354728220122	3.3579313450600203
1954.0	73.0594961533989	3.3596495567648805
1955.0	73.04544151567353	3.3613748738676805
1956.0	73.0313833667629	3.3631073158670457
1957.0	73.01732170440474	3.3648469022903975
1958.0	73.00325652633683	3.3665936526939517
1959.0	72.98918783029694	3.368347586662744
1960.0	72.97511561402281	3.3701087238105862
1961.0	72.96103987525223	3.371877083780096
1962.0	72.94696061172296	3.373652686242704
1963.0	72.93287782117274	3.3754355508986142
1964.0	72.91879150133937	3.3772256974768484
1965.0	72.9047016499606	3.3790231457352298
1966.0	72.89060826477419	3.380827915460372
1967.0	72.87651134351792	3.38264002646768
1968.0	72.86241088392954	3.3844594986013914
1969.0	72.84830688374682	3.386286351734503
1970.0	72.83419934070753	3.3881206057688296
1971.0	72.82008825254943	3.3899622806349967
1972.0	72.80597361701025	3.3918113962924052
1973.0	72.79185543182783	3.393667972729266
1974.0	72.77773369473988	3.395532029962598
1975.0	72.76360840348418	3.3974035880382067
1976.0	72.7494795557985	3.3992826670306946
1977.0	72.73534714942059	3.4011692870434858
1978.0	72.72121118208824	3.4030634682087806
1979.0	72.70707165153918	3.404965230687577
1980.0	72.6929285555112	3.406874594669699
1981.0	72.67878189174205	3.408791580373748
1982.0	72.66463165796951	3.4107162080471163
1983.0	72.65047785193134	3.412648497966026
1984.0	72.63632047136531	3.414588470435472
1985.0	72.62215951400917	3.416536145789246
1986.0	72.6079949776007	3.4184915443899846
1987.0	72.59382685987765	3.4204546866290526
1988.0	72.5796551585778	3.4224255929266683
1989.0	72.5654798714389	3.424404283731844
1990.0	72.5513009961987	3.4263907795223547
1991.0	72.53711853059502	3.4283851008048076
1992.0	72.52293247236558	3.430387268114618
1993.0	72.50874281924817	3.4323973020159646
1994.0	72.49454956898053	3.434415223101843
1995.0	72.48035271930044	3.4364410519940694
1996.0	72.46615226794566	3.4384748093432163
1997.0	72.45194821265396	3.4405165158286897
1998.0	72.43774055116307	3.4425661921586914
1999.0	72.42352928121082	3.4446238590702007
2000.0	72.40931440053494	3.4466895373290183
2001.0	72.3950959068732	3.4487632477297367
2002.0	72.38087379796335	3.4508450110957347
2003.0	72.36664807154317	3.452934848279222
2004.0	72.35241872535042	3.455032780161185
2005.0	72.33818575712286	3.4571388276513972
2006.0	72.32394916459826	3.459253011688464
2007.0	72.30970894551439	3.461375353239769
2008.0	72.295465097609	3.463505873301496
2009.0	72.28121761861988	3.465644592898636
2010.0	72.26696650628477	3.4677915330849736
2011.0	72.25271175834145	3.4699467149430916
2012.0	72.23845337252769	3.4721101595843766
2013.0	72.22419134658122	3.4742818881490085
2014.0	72.20992567823984	3.476461921805979
2015.0	72.19565636524132	3.4786502817530627
2016.0	72.18138340532337	3.480846989216847
2017.0	72.16710679622383	3.4830520654527115
2018.0	72.15282653568042	3.485265531744831
2019.0	72.1385426214309	3.4874874094061887
2020.0	72.12425505121307	3.4897177197785654
2021.0	72.10996382276467	3.4919564842325377
2022.0	72.09566893382346	3.494203724167485
2023.0	72.08137038212722	3.4964594610115842
2024.0	72.0670681654137	3.498723716221805
2025.0	72.05276228142066	3.5009965112839336
2026.0	72.0384527278859	3.5032778677125354
2027.0	72.02413950254716	3.5055678070509915
2028.0	72.0098226031422	3.5078663508714722
2029.0	71.9955020274088	3.5101735207749503
2030.0	71.98117777308471	3.512489338391193
2031.0	71.96684983790772	3.5148138253787833
2032.0	71.95251821961556	3.5171470034250807
2033.0	71.93818291594602	3.519488894246261
2034.0	71.92384392463683	3.5218395195872882
2035.0	71.90950124342581	3.5241989012219372
2036.0	71.89515487005069	3.5265670609527775
2037.0	71.88080480224924	3.5289440206111613
2038.0	71.86645103775923	3.5313298020572708
2039.0	71.85209357431843	3.5337244271800676
2040.0	71.8377324096646	3.5361279178973177
2041.0	71.82336754153548	3.538540296155579
2042.0	71.80899896766886	3.540961583930227
2043.0	71.79462668580248	3.5433918032254095
2044.0	71.78025069367416	3.5458309760741007
2045.0	71.76587098902162	3.548279124538059
2046.0	71.75148756958264	3.550736270707842
2047.0	71.73710043309498	3.553202436702818
2048.0	71.7227095772964	3.5556776446711362
2049.0	71.70831499992467	3.558161916789762
2050.0	71.69391669871756	3.5606552752644527
2051.0	71.67951467141282	3.5631577423297633
2052.0	71.66510891574822	3.5656693402490496
2053.0	71.65069942946154	3.5681900913144777
2054.0	71.63628621029054	3.5707200178469902
2055.0	71.62186925597297	3.5732591421963487
2056.0	71.60744856424661	3.5758074867411005
2057.0	71.59302413284922	3.578365073888613
2058.0	71.57859595951857	3.5809319260750256
2059.0	71.5641640419924	3.5835080657652907
2060.0	71.5497283780085	3.5860935154531677
2061.0	71.53528896530463	3.5886882976612027
2062.0	71.52084580161855	3.591292434940744
2063.0	71.50639888468804	3.5939059498719383
2064.0	71.49194821225083	3.5965288650637492
2065.0	71.47749378204473	3.599161203153904
2066.0	71.46303559180748	3.6018029868089614
2067.0	71.44857363927684	3.6044542387242657
2068.0	71.4341079221906	3.6071149816239583
2069.0	71.41963843828648	3.6097852382609963
2070.0	71.4051651853023	3.6124650314171056
2071.0	71.39068816097577	3.6151543839028406
2072.0	71.3762073630447	3.6178533185575468
