0	83.97801633831355	3.5678664916996365
1	83.97137519582341	3.568537958937123
2	83.96472819170485	3.569203585491701
3	83.95807533046442	3.569863381429055
4	83.95141661660871	3.570517356814871
5	83.94475205464428	3.571165521714833
6	83.93808164907769	3.5718078861946263
7	83.93140540441553	3.5724444603199363
8	83.92472332516434	3.5730752541564472
9	83.91803541583069	3.5737002777698446
10	83.91134168092117	3.574319541225813
11	83.90464212494234	3.5749330545900375
12	83.89793675240078	3.5755408279282035
13	83.89122556780303	3.576142871305995
14	83.88450857565567	3.5767391947890976
15	83.87778578046529	3.5773298084431966
16	83.87105718673843	3.577914722333976
17	83.86432279898168	3.578493946527122
18	83.85758262170157	3.5790674910883187
19	83.8508366594047	3.5796353660832505
20	83.84408491659765	3.580197581577604
21	83.83732739778696	3.580754147637063
22	83.83056410747923	3.5813050743273123
23	83.823795050181	3.581850371714038
24	83.81702023039884	3.5823900498629238
25	83.81023965263932	3.5829241188396557
26	83.80345332140902	3.5834525887099176
27	83.79666124121452	3.583975469539395
28	83.78986341656235	3.5844927713937738
29	83.78305985195911	3.585004504338737
30	83.77625055191135	3.585510678439971
31	83.76943552092565	3.5860113037631605
32	83.76261476350858	3.58650639037399
33	83.7557882841667	3.586995948338145
34	83.74895608740657	3.5874799877213106
35	83.74211817773477	3.587958518589171
36	83.73527455965788	3.588431551007412
37	83.72842523768244	3.5888990950417177
38	83.72157021631504	3.589361160757773
39	83.71470950006224	3.5898177582212645
40	83.70784309343063	3.590268897497875
41	83.70097100092674	3.590714588653291
42	83.69409322705717	3.5911548417531973
43	83.68720977632846	3.591589666863278
44	83.68032065324721	3.592019074049219
45	83.67342586231996	3.5924430733767045
46	83.6665254080533	3.5928616749114193
47	83.65961929495379	3.59327488871905
48	83.652707527528	3.5936827248652796
49	83.64579011028248	3.594085193415794
50	83.63886704772382	3.594482304436278
51	83.63193834435859	3.5948740679924165
52	83.62500400469335	3.595260494149895
53	83.61806403323466	3.5956415929743977
54	83.61111843448911	3.5960173745316095
55	83.60416721296325	3.5963878488872165
56	83.59721037316366	3.5967530261069025
57	83.5902479195969	3.5971129162563527
58	83.58327985676954	3.5974675294012526
59	83.57630618918814	3.5978168756072866
60	83.56932692135929	3.5981609649401403
61	83.56234205778956	3.5984998074654975
62	83.55535160298548	3.598833413249044
63	83.54835556145366	3.599161792356465
64	83.54135393770063	3.5994849548534447
65	83.534346736233	3.5998029108056686
66	83.52733396155732	3.6001156702788215
67	83.52031561818015	3.6004232433385885
68	83.51329171060806	3.6007256400506544
69	83.50626224334762	3.601022870480704
70	83.49922722090541	3.6013149446944226
71	83.492186647788	3.601601872757495
72	83.48514052850193	3.601883664735606
73	83.4780888675538	3.6021603306944407
74	83.47103166945014	3.602431880699685
75	83.46396893869756	3.602698324817022
76	83.45690067980263	3.6029596731121383
77	83.44982689727188	3.6032159356507174
78	83.44274759561189	3.6034671224984454
79	83.43566277932925	3.603713243721007
80	83.42857245293051	3.603954309384087
81	83.42147662092226	3.6041903295533704
82	83.41437528781104	3.6044213142945423
83	83.40726845810343	3.604647273673287
84	83.400156136306	3.604868217755291
85	83.3930383269253	3.6050841566062375
86	83.38591503446794	3.6052951002918125
87	83.37878626344045	3.605501058877701
88	83.37165201834941	3.605702042429587
89	83.36451230370139	3.6058980610131566
90	83.35736712400298	3.606089124694094
91	83.3502164837607	3.6062752435380845
92	83.34306038748116	3.6064564276108135
93	83.3358988396709	3.606632686977965
94	83.32873184483653	3.606804031705224
95	83.32155940748457	3.606970471858277
96	83.31438153212162	3.6071320175028068
97	83.30719822325422	3.6072886787044998
98	83.30000948538895	3.6074404655290406
99	83.2928153230324	3.607587388042114
100	83.28561574069114	3.6077294563094053
101	83.2784107428717	3.607866680396599
102	83.27120033408066	3.6079990703693805
103	83.2639845188246	3.6081266362934348
104	83.25676330161009	3.608249388234446
105	83.24953668694371	3.6083673362581
106	83.242304679332	3.608480490430082
107	83.23506728328154	3.6085888608160754
108	83.22782450329889	3.6086924574817667
109	83.22057634389063	3.6087912904928405
110	83.21332280956335	3.6088853699149817
111	83.20606390482357	3.608974705813875
112	83.19879963417789	3.609059308255205
113	83.19153000213286	3.609139187304658
114	83.18425501319507	3.6092143530279177
115	83.17697467187108	3.6092848154906694
116	83.16968898266745	3.609350584758598
117	83.16239795009076	3.6094116708973893
118	83.15510157864756	3.609468083972727
119	83.14779987284444	3.6095198340502974
120	83.14049283718798	3.609566931195784
121	83.13318047618469	3.6096093854748728
122	83.12586279434119	3.6096472069532486
123	83.11853979616404	3.609680405696596
124	83.1112114861598	3.6097089917706
125	83.10387786883504	3.609732975240946
126	83.09653894869633	3.609752366173318
127	83.08919473025024	3.6097671746334026
128	83.08184521800334	3.609777410686883
129	83.07449041646218	3.609783084399445
130	83.06713033013337	3.609784205836774
131	83.05976496352342	3.6097807850645545
132	83.05239432113895	3.609772832148471
133	83.0450184074865	3.6097603571542094
134	83.03763722707264	3.609743370147454
135	83.03025078440396	3.60972188119389
136	83.022859083987	3.6096959003592017
137	83.01546213032834	3.6096654377090753
138	83.00805992793455	3.609630503309195
139	83.00065248131222	3.6095911072252456
140	82.99323979496788	3.6095472595229126
141	82.98582187340811	3.6094989702678806
142	82.97839872113948	3.609446249525835
143	82.97097034266856	3.60938910736246
144	82.96353674250194	3.609327553843441
145	82.95609792514617	3.609261599034463
146	82.9486538951078	3.609191253001211
147	82.9412046568934	3.6091165258093696
148	82.93375021500958	3.609037427524624
149	82.92629057396289	3.60895396821266
150	82.91882573825987	3.6088661579391608
151	82.9113557124071	3.608774006769813
152	82.90388050091117	3.6086775247703002
153	82.89640010827863	3.6085767220063083
154	82.88891453901607	3.6084716085435224
155	82.88142379763002	3.6083621944476265
156	82.87392788862708	3.608248489784306
157	82.86642681651381	3.608130504619247
158	82.85892058579677	3.608008249018132
159	82.85140920098254	3.6078817330466486
160	82.84389266657769	3.60775096677048
161	82.83637098708877	3.6076159602553117
162	82.82884416702237	3.607476723566829
163	82.82131221088504	3.6073332667707163
164	82.81377512318336	3.6071855999326585
165	82.8062329084239	3.6070337331183415
166	82.79868557111321	3.606877676393449
167	82.79113311575789	3.6067174398236674
168	82.78357554686447	3.6065530334746803
169	82.77601286893956	3.606384467412173
170	82.76844508648969	3.606211751701831
171	82.76087220402145	3.606034896409339
172	82.75329422604142	3.6058539116003816
173	82.74571115705614	3.605668807340644
174	82.73812300157219	3.6054795936958115
175	82.73052976409613	3.605286280731569
176	82.72293144913455	3.605088878513601
177	82.715328061194	3.6048873971075923
178	82.70771960478105	3.6046818465792287
179	82.70010608440228	3.604472236994195
180	82.69248750456426	3.604258578418175
181	82.68486386977352	3.6040408809168554
182	82.67723518453667	3.6038191545559197
183	82.66960145336027	3.6035934094010535
184	82.6619626807509	3.603363655517942
185	82.6543188712151	3.60312990297227
186	82.64667002925944	3.6028921618297223
187	82.6390161593905	3.6026504421559835
188	82.63135726611485	3.602404754016739
189	82.62369335393907	3.6021551074776745
190	82.6160244273697	3.6019015126044733
191	82.60835049091332	3.6016439794628217
192	82.60067154907651	3.6013825181184043
193	82.59298760636584	3.601117138636906
194	82.58529866728784	3.6008478510840116
195	82.57760473634913	3.600574665525406
196	82.56990581805624	3.600297592026774
197	82.56220191691575	3.600016640653802
198	82.55449303743424	3.599731821472173
199	82.54677918411828	3.599443144547573
200	82.5390603614744	3.5991506199456875
201	82.53133657400922	3.5988542577322
202	82.52360782622927	3.5985540679727968
203	82.51587412264114	3.598250060733162
204	82.50813546775139	3.59794224607898
205	82.50039186606658	3.597630634075938
206	82.4926433220933	3.597315234789719
207	82.4848898403381	3.5969960582860083
208	82.47713142530756	3.5966731146304913
209	82.46936808150825	3.5963464138888526
210	82.46159981344671	3.5960159661267777
211	82.45382662562955	3.595681781409951
212	82.4460485225633	3.5953438698040574
213	82.43826550875457	3.5950022413747824
214	82.43047758870988	3.5946569061878106
215	82.42268476693583	3.594307874308827
216	82.41488704793899	3.5939551558035165
217	82.4070844362259	3.593598760737564
218	82.39927693630318	3.593238699176655
219	82.39146455267735	3.5928749811864735
220	82.38364728985499	3.5925076168327053
221	82.37582515234267	3.5921366161810355
222	82.36799814464696	3.591761989297148
223	82.36016627127445	3.591383746246729
224	82.35232953673167	3.5910018970954627
225	82.34448794552522	3.590616451909034
226	82.33664150216164	3.5902274207531284
227	82.32879021114752	3.58983481369343
228	82.32093407698945	3.589438640795625
229	82.31307310419393	3.5890389121253974
230	82.30520729726757	3.5886356377484323
231	82.29733666071695	3.588228827730415
232	82.28946119904862	3.58781849213703
233	82.28158091676917	3.5874046410339626
234	82.27369581838514	3.586987284486898
235	82.26580590840311	3.5865664325615207
236	82.25791119132964	3.5861420953235155
237	82.2500116716713	3.5857142828385684
238	82.2421073539347	3.585283005172363
239	82.23419824262635	3.584848272390585
240	82.22628434225284	3.584410094558919
241	82.21836565732075	3.5839684817430504
242	82.21044219233663	3.5835234440086645
243	82.20251395180706	3.583074991421445
244	82.19458094023861	3.5826231340470778
245	82.18664316213784	3.582167881951248
246	82.17870062201132	3.5817092451996397
247	82.17075332436563	3.5812472338579386
248	82.16280127370732	3.5807818579918296
249	82.15484447454297	3.5803131276669973
250	82.14688293137914	3.579841052949127
251	82.1389166487224	3.579365643903903
252	82.13094563107934	3.5788869105970114
253	82.1229698829565	3.5784048630941365
254	82.11498940886045	3.577919511460963
255	82.10700421329777	3.5774308657631764
256	82.09901430077504	3.576938936066462
257	82.0910196757988	3.576443732436503
258	82.08302034287564	3.575945264938986
259	82.07501630651213	3.575443543639596
260	82.0670075712148	3.5749385786040166
261	82.05899414149027	3.5744303798979344
262	82.05097602184509	3.5739189575870336
263	82.04295321678582	3.5734043217369984
264	82.03492573081903	3.5728864824135154
265	82.02689356845127	3.572365449682268
266	82.01885673418914	3.571841233608942
267	82.01081523253923	3.5713138442592225
268	82.00276906800805	3.570783291698794
269	81.99471824510219	3.570249585993342
270	81.98666276832822	3.56971273720855
271	81.97860264219271	3.5691727554101047
272	81.97053787120225	3.568629650663691
273	81.96246845986337	3.5680834330349924
274	81.95439441268266	3.5675341125896947
275	81.94631573416669	3.5669816993934838
276	81.93823242882202	3.566426203512043
277	81.93014450115523	3.5658676350110583
278	81.92205195567286	3.565306003956214
279	81.91395479688151	3.5647413204131957
280	81.90585302928773	3.564173594447688
281	81.89774665739809	3.563602836125376
282	81.88963568571918	3.5630290555119446
283	81.88152011875754	3.5624522626730792
284	81.87339996101974	3.5618724676744637
285	81.86527521701237	3.561289680581784
286	81.85714589124198	3.560703911460725
287	81.84901198821517	3.560115170376971
288	81.84087351243846	3.559523467396208
289	81.83273046841843	3.5589288125841194
290	81.82458286066168	3.5583312160063914
291	81.81643069367475	3.5577306877287094
292	81.80827397196423	3.557127237816757
293	81.80011270003666	3.55652087633622
294	81.79194688239862	3.555911613352783
295	81.78377652355668	3.5552994589321307
296	81.77560162801743	3.5546844231399493
297	81.76742220028741	3.5540665160419223
298	81.75923824487319	3.5534457477037353
299	81.75104976628134	3.552822128191074
300	81.74285676901843	3.552195667569622
301	81.73465925759106	3.551566375905065
302	81.72645723650575	3.550934263263088
303	81.71825071026909	3.550299339709375
304	81.71003968338763	3.549661615309613
305	81.70182416036798	3.549021100129485
306	81.69360414571668	3.5483778042346765
307	81.6853796439403	3.5477317376908735
308	81.6771506595454	3.5470829105637596
309	81.66891719703857	3.5464313329190205
310	81.66067926092636	3.5457770148223404
311	81.65243685571535	3.5451199663394046
312	81.64418998591209	3.544460197535899
313	81.63593865602317	3.5437977184775074
314	81.62768287055516	3.5431325392299153
315	81.61942263401461	3.542464669858808
316	81.61115795090811	3.541794120429869
317	81.6028888257422	3.541120901008785
318	81.59461526302346	3.54044502166124
319	81.58633726725847	3.539766492452919
320	81.57805484295378	3.5390853234495077
321	81.56976799461599	3.53840152471669
322	81.56147672675164	3.5377151063201513
323	81.55318104386728	3.537026078325577
324	81.54488095046953	3.5363344507986514
325	81.53657645106492	3.5356402338050597
326	81.52826755016005	3.534943437410487
327	81.51995425226146	3.5342440716806185
328	81.51163656187572	3.5335421466811385
329	81.5033144835094	3.5328376724777324
330	81.49498802166907	3.532130659136085
331	81.48665718086133	3.5314211167218814
332	81.47832196559271	3.5307090553008065
333	81.46998238036977	3.5299944849385447
334	81.46163842969912	3.5292774157007822
335	81.4532901180873	3.528557857653203
336	81.44493745004088	3.527835820861492
337	81.43658043006643	3.527111315391335
338	81.42821906267052	3.526384351308416
339	81.41985335235972	3.525654938678421
340	81.4114833036406	3.524923087567034
341	81.40310892101974	3.52418880803994
342	81.39473020900367	3.523452110162825
343	81.386347172099	3.5227130040013725
344	81.37795981481227	3.521971499621269
345	81.36956814165005	3.521227607088198
346	81.36117215711894	3.520481336467845
347	81.35277186572549	3.5197326978258956
348	81.34436727197624	3.518981701228034
349	81.33595838037779	3.5182283567399453
350	81.3275451954367	3.517472674427315
351	81.31912772165956	3.5167146643558276
352	81.31070596355289	3.515954336591168
353	81.3022799256233	3.5151917011990212
354	81.29384961237733	3.514426768245072
355	81.2854150283216	3.513659547795006
356	81.27697617796261	3.5128900499145073
357	81.26853306580695	3.512118284669261
358	81.26008569636122	3.5113442621249535
359	81.25163407413196	3.510567992347268
360	81.24317820362575	3.5097894854018903
361	81.23471808934914	3.5090087513545045
362	81.22625373580871	3.5082258002707967
363	81.21778514751104	3.5074406422164515
364	81.20931232896268	3.5066532872571536
365	81.20083528467022	3.505863745458588
366	81.19235401914021	3.50507202688644
367	81.18386853687922	3.504278141606394
368	81.17537884239381	3.5034820996841356
369	81.16688494019057	3.5026839111853487
370	81.15838683477607	3.5018835861757194
371	81.14988453065685	3.5010811347209327
372	81.1413780323395	3.5002765668866727
373	81.13286734433058	3.4994698927386247
374	81.12435247113666	3.498661122342474
375	81.11583341726433	3.4978502657639052
376	81.10731018722011	3.497037333068604
377	81.09878278551061	3.496222334322254
378	81.09025121664239	3.495405279590541
379	81.08171548512199	3.4945861789391497
380	81.07317559545604	3.493765042433765
381	81.06463155215104	3.4929418801400725
382	81.0560833597136	3.492116702123757
383	81.04753102265026	3.4912895184505026
384	81.03897454546762	3.4904603391859954
385	81.03041393267225	3.4896291743959194
386	81.02184918877067	3.48879603414596
387	81.0132803182695	3.4879609285018023
388	81.00470732567527	3.487123867529131
389	80.99613021549459	3.486284861293631
390	80.987548992234	3.485443919860988
391	80.97896366040007	3.4846010532968856
392	80.97037422449937	3.4837562716670103
393	80.96178068903846	3.4829095850370457
394	80.95318305852392	3.4820610034726776
395	80.94458133746234	3.481210537039591
396	80.93597553036025	3.48035819580347
397	80.92736564172424	3.4795039898300004
398	80.91875167606085	3.4786479291848673
399	80.91013363787668	3.4777900239337547
400	80.90151153167832	3.476930284142348
401	80.89288536197228	3.4760687198763334
402	80.88425513326516	3.4752053412013937
403	80.87562085006351	3.4743401581832156
404	80.86698251687392	3.473473180887483
405	80.85834013820298	3.472604419379881
406	80.84969371855719	3.4717338837260954
407	80.84104326244316	3.4708615839918098
408	80.83238877436747	3.4699875302427103
409	80.82373025883669	3.469111732544482
410	80.81506772035735	3.4682342009628084
411	80.80640116343604	3.4673549455633763
412	80.79773059257933	3.4664739764118693
413	80.78905601229378	3.4655913035739725
414	80.780377427086	3.464706937115372
415	80.77169484146249	3.4638208871017513
416	80.76300825992985	3.462933163598796
417	80.75431768699467	3.4620437766721914
418	80.74562312716348	3.461152736387622
419	80.7369245849429	3.4602600528107734
420	80.72822206483943	3.4593657360073293
421	80.7195155713597	3.4584697960429756
422	80.71080510901024	3.4575722429833973
423	80.70209068229762	3.4566730868942788
424	80.69337229572845	3.4557723378413057
425	80.68464995380924	3.4548700058901627
426	80.6759236610466	3.453966101106534
427	80.66719342194708	3.4530606335561065
428	80.65845924101724	3.452153613304563
429	80.64972112276368	3.4512450504175898
430	80.64097907169295	3.4503349549608715
431	80.63223309231161	3.4494233370000926
432	80.62348318912623	3.4485102066009388
433	80.61472936664339	3.447595573829095
434	80.60597162936966	3.4466794487502455
435	80.5972099818116	3.445761841430076
436	80.58844442847577	3.4448427619342707
437	80.57967497386875	3.443922220328515
438	80.5709016224971	3.4430002266784947
439	80.56212437886742	3.4420767910498933
440	80.55334324748623	3.441151923508396
441	80.54455823286013	3.4402256341196886
442	80.53576933949567	3.4392979329494557
443	80.52697657189944	3.438368830063382
444	80.518179934578	3.4374383355271525
445	80.5093794320379	3.4365064594064525
446	80.50057506878572	3.435573211766967
447	80.49176684932804	3.43463860267438
448	80.48295477817142	3.4337026421943775
449	80.47413885982245	3.432765340392644
450	80.46531909878765	3.431826707334865
451	80.4564954995736	3.4308867530867246
452	80.44766806668692	3.4299454877139084
453	80.43883680463412	3.429002921282101
454	80.4300017179218	3.4280590638569883
455	80.42116281105652	3.4271139255042535
456	80.41232008854483	3.426167516289583
457	80.40347355489332	3.4252198462786616
458	80.39462321460856	3.424270925537173
459	80.38576907219712	3.4233207641308043
460	80.37691113216555	3.4223693721252384
461	80.36804939902042	3.4214167595861618
462	80.35918387726831	3.4204629365792587
463	80.35031457141581	3.419507913170214
464	80.34144148596943	3.4185516994247127
465	80.33256462543578	3.41759430540844
466	80.32368399432143	3.416635741187081
467	80.31479959713293	3.4156760168263207
468	80.30591143837687	3.414715142391843
469	80.2970195225598	3.413753127949334
470	80.28812385418829	3.412789983564479
471	80.2792244377689	3.411825719302961
472	80.27032127780822	3.410860345230467
473	80.26141437881282	3.409893871412681
474	80.25250374528925	3.408926307915288
475	80.24358938174407	3.4079576648039733
476	80.23467129268388	3.406987952144422
477	80.22574948261523	3.4060171800023182
478	80.21682395604469	3.405045358443348
479	80.20789471747884	3.4040724975331953
480	80.19896177142421	3.4030986073375455
481	80.19002512238741	3.402123697922084
482	80.18108477487499	3.401147779352495
483	80.17214073339355	3.4001708616944635
484	80.16319300244959	3.3991929550136755
485	80.15424158654974	3.3982140693758147
486	80.14528649020053	3.3972342148465673
487	80.13632771790857	3.3962534014916166
488	80.1273652741804	3.3952716393766487
489	80.11839916352258	3.394288938567349
490	80.10942939044169	3.393305309129401
491	80.1004559594443	3.392320761128491
492	80.09147887503698	3.3913353046303034
493	80.08249814172632	3.390348949700523
494	80.07351376401884	3.3893617064048356
495	80.06452574642113	3.388373584808925
496	80.05553409343976	3.3873845949784767
497	80.0465388095813	3.386394746979176
498	80.03753989935234	3.385404050876707
499	80.0285373672594	3.3844125167367554
500	80.01953121780909	3.3834201546250062
501	80.01052145550794	3.382426974607144
502	80.00150808486256	3.381432986748854
503	79.9924911103795	3.3804382011158207
504	79.98347053656532	3.3794426277737295
505	79.9744463679266	3.3784462767882655
506	79.9654186089699	3.377449158225113
507	79.9563872642018	3.3764512821499575
508	79.94735233812887	3.3754526586284843
509	79.93831383525765	3.3744532977263773
510	79.92927176009474	3.3734532095093224
511	79.92022611714668	3.372452404043004
512	79.91117691092006	3.371450891393107
513	79.90212414592146	3.370448681625317
514	79.89306782665741	3.3694457848053188
515	79.88400795763451	3.3684422109987966
516	79.87494454335932	3.3674379702714368
517	79.8658775883384	3.3664330726889227
518	79.85680709707833	3.365427528316941
519	79.84773307408567	3.3644213472211746
520	79.83865552386699	3.36341453946731
521	79.82957445092886	3.362407115121032
522	79.82048985977787	3.3613990842480246
523	79.81140175492052	3.3603904569139735
524	79.80231014086345	3.3593812431845644
525	79.79321502211322	3.358371453125481
526	79.78411640317636	3.3573610968024092
527	79.77501428855948	3.3563501842810326
528	79.7659086827691	3.3553387256270377
529	79.75679959031183	3.354326730906109
530	79.74768701569423	3.3533142101839304
531	79.73857096342284	3.3523011735261883
532	79.72945143800429	3.3512876309985673
533	79.72032844394508	3.3502735926667517
534	79.71120198575181	3.3492590685964276
535	79.70207206793106	3.348244068853279
536	79.69293869498938	3.3472286035029906
537	79.68380187143335	3.3462126826112484
538	79.67466160176953	3.3451963162437366
539	79.66551789050447	3.3441795144661404
540	79.65637074214477	3.3431622873441453
541	79.647220161197	3.3421446449434353
542	79.63806615216771	3.3411265973296964
543	79.62890871956347	3.3401081545686124
544	79.61974786789085	3.339089326725869
545	79.61058360165642	3.3380701238671513
546	79.60141592536674	3.337050556058143
547	79.5922448435284	3.3360306333645307
548	79.58307036064795	3.335010365851999
549	79.57389248123197	3.333989763586232
550	79.564711209787	3.332968836632915
551	79.55552655081965	3.331947595057734
552	79.54633850883648	3.3309260489263726
553	79.53714708834403	3.3299042083045167
554	79.52795229384888	3.32888208325785
555	79.51875412985763	3.3278596838520587
556	79.50955260087679	3.326837020152828
557	79.50034771141299	3.3258141022258414
558	79.49113946597275	3.324790940136785
559	79.48192786906266	3.3237675439513437
560	79.47271292518928	3.3227439237352017
561	79.46349463885919	3.321720089554045
562	79.45427301457896	3.3206960514735577
563	79.44504805685514	3.319671819559425
564	79.43581977019431	3.3186474038773324
565	79.42658815910303	3.3176228144929643
566	79.41735322808789	3.316598061472005
567	79.40811498165546	3.3155731548801413
568	79.39887342431226	3.3145481047830567
569	79.3896285605649	3.3135229212464368
570	79.38038039491994	3.3124976143359657
571	79.37112893188396	3.3114721941173295
572	79.36187417596351	3.3104466706562126
573	79.35261613166514	3.3094210540183
574	79.34335480349547	3.308395354269276
575	79.33409019596102	3.3073695814748274
576	79.32482231356842	3.3063437457006373
577	79.31555116082416	3.305317857012392
578	79.30627674223486	3.3042919254757748
579	79.29699906230707	3.3032659611564723
580	79.28771812554734	3.3022399741201687
581	79.2784339364623	3.301213974432549
582	79.26914649955846	3.300187972159298
583	79.2598558193424	3.2991619773661016
584	79.25056190032072	3.2981360001186437
585	79.24126474699995	3.29711005048261
586	79.23196436388668	3.2960841385236845
587	79.22266075548745	3.2950582743075527
588	79.21335392630887	3.2940324678999007
589	79.20404388085748	3.2930067293664114
590	79.19473062363986	3.291981068772771
591	79.18541415916258	3.2909554961846643
592	79.17609449193219	3.289930021667776
593	79.16677162645527	3.2889046552877916
594	79.1574455672384	3.2878794071103954
595	79.14811631878813	3.2868542872012725
596	79.13878388561105	3.2858293056261085
597	79.12944827221371	3.2848044724505874
598	79.12010948310267	3.2837797977403946
599	79.11076752278451	3.282755291561216
600	79.10142239576581	3.2817309639787346
601	79.09207410655314	3.280706825058637
602	79.08272265965304	3.2796828848666073
603	79.0733680595721	3.2786591534683307
604	79.06401031081688	3.2776356409294922
605	79.05464941789396	3.276612357315777
606	79.0452853853099	3.2755893126928695
607	79.03591821757125	3.2745665171264555
608	79.02654791918461	3.273543980682219
609	79.01717449465653	3.2725217134258457
610	79.00779794849359	3.2714997254230203
611	78.99841828520236	3.2704780267394273
612	78.98903550928938	3.2694566274407526
613	78.97964962526125	3.2684355375926804
614	78.97026063762452	3.2674147672608957
615	78.96086855088576	3.266394326511084
616	78.95147336955156	3.2653742254089297
617	78.94207509812847	3.2643544740201187
618	78.93267374112304	3.263335082410334
619	78.92326930304188	3.262316060645263
620	78.91386178839153	3.2612974187905888
621	78.90445120167857	3.2602791669119973
622	78.89503754740956	3.259261315075173
623	78.88562083009106	3.2582438733458017
624	78.87620105422965	3.257226851789567
625	78.86677822433192	3.2562102604721543
626	78.85735234490441	3.25519410945925
627	78.8479234204537	3.254178408816537
628	78.83849145548633	3.253163168609702
629	78.8290564545089	3.2521483989044286
630	78.819618422028	3.2511341097664017
631	78.81017736255014	3.2501203112613077
632	78.80073328058192	3.2491070134548306
633	78.7912861806299	3.248094226412655
634	78.78183606720066	3.2470819602004672
635	78.77238294480078	3.2460702248839506
636	78.76292681793679	3.2450590305287914
637	78.75346769111528	3.2440483872006736
638	78.74400556884282	3.2430383049652822
639	78.73454045562598	3.2420287938883035
640	78.72507235597132	3.2410198640354206
641	78.71560127438542	3.24001152547232
642	78.70612721537483	3.239003788264686
643	78.69665018344612	3.237996662478203
644	78.68717018310589	3.2369901581785574
645	78.67768721886068	3.2359842854314325
646	78.66820129521706	3.234979054302514
647	78.6587124166816	3.233974474857488
648	78.64922058776087	3.2329705571620373
649	78.63972581296144	3.2319673112818483
650	78.63022809678989	3.230964747282606
651	78.62072744375277	3.2299628752299947
652	78.61122385835664	3.2289617051897
653	78.60171734510809	3.2279612472274057
654	78.59220790851369	3.226961511408798
655	78.58269555308	3.2259625077995615
656	78.57318028331358	3.224964246465381
657	78.563662103721	3.223966737471941
658	78.55414101880883	3.2229699908849283
659	78.54461703308365	3.2219740167700257
660	78.53509015105205	3.2209788251929194
661	78.52556037722053	3.2199844262192934
662	78.5160277160957	3.2189908299148335
663	78.50649217218415	3.2179980463452247
664	78.4969537499924	3.2170060855761515
665	78.48741245402707	3.216014957673299
666	78.47786828879468	3.2150246727023526
667	78.46832125880182	3.214035240728996
668	78.45877136855506	3.213046671818916
669	78.44921862256098	3.2120589760377958
670	78.43966302532613	3.211072163451321
671	78.43010458135707	3.2100862441251774
672	78.42054329516039	3.209101228125049
673	78.41097917124264	3.2081171255166208
674	78.40141221411041	3.207133946365578
675	78.39184242827027	3.206151700737606
676	78.38226981822875	3.2051703986983893
677	78.37269438849245	3.2041900503136125
678	78.36311614356792	3.2032106656489607
679	78.35353508796176	3.2022322547701196
680	78.34395122618052	3.2012548277427735
681	78.33436456273076	3.200278394632607
682	78.32477510211903	3.1993029655053067
683	78.31518284885195	3.1983285504265555
684	78.30558780743607	3.1973551594620395
685	78.29598998237793	3.1963828026774435
686	78.28638937818413	3.1954114901384525
687	78.27678599936121	3.1944412319107514
688	78.26717985041576	3.193472038060025
689	78.25757093585436	3.1925039186519584
690	78.24795926018355	3.191536883752237
691	78.23834482790991	3.1905709434265446
692	78.22872764354001	3.1896061077405675
693	78.2191077115804	3.1886423867599896
694	78.2094850365377	3.1876797905504963
695	78.19985962291842	3.186718329177773
696	78.19023147522915	3.185758012707504
697	78.18060059797648	3.1847988512053744
698	78.17096699566693	3.1838408547370696
699	78.16133067280713	3.1828840333682735
700	78.1516916339036	3.1819283971646724
701	78.14204988346292	3.1809739561919503
702	78.13240542599165	3.1800207205157927
703	78.12275826599638	3.1790687002018845
704	78.11310840798369	3.17811790531591
705	78.1034558564601	3.177168345923555
706	78.09380061593221	3.1762200320905047
707	78.08414269090659	3.175272973882443
708	78.0744820858898	3.1743271813650544
709	78.06481880538843	3.173382664604026
710	78.055152853909	3.1724394336650414
711	78.04548423595811	3.1714974986137863
712	78.03581295604234	3.170556869515944
713	78.02613901866823	3.169617556437201
714	78.01646242834238	3.168679569443242
715	78.00678318957132	3.1677429185997514
716	77.99710130686165	3.166807613972415
717	77.98741678471993	3.165873665626917
718	77.9777296276527	3.1649410836289427
719	77.9680398401666	3.1640098780441774
720	77.95834742676811	3.1630800589383052
721	77.94865239196386	3.162151636377012
722	77.9389547402604	3.1612246204259824
723	77.92925447616429	3.1602990211509008
724	77.91955160418212	3.1593748486174524
725	77.90984612882043	3.158452112891323
726	77.90013805458581	3.1575308240381967
727	77.89042738598481	3.1566109921237593
728	77.88071412752402	3.1556926272136945
729	77.87099828371001	3.154775739373688
730	77.8612798590493	3.153860338669425
731	77.85155885804852	3.15294643516659
732	77.8418352852142	3.152034038930868
733	77.83210914505293	3.151123160027945
734	77.82238044207128	3.1502138085235036
735	77.8126491807758	3.1493059944832313
736	77.80291536567306	3.1483997279728113
737	77.79317900126962	3.147495019057929
738	77.7834400920721	3.146591877804271
739	77.77369864258701	3.1456903142775197
740	77.76395465732092	3.1447903385433613
741	77.75420814078043	3.143891960667481
742	77.74445909747212	3.1429951907155633
743	77.73470753190252	3.1421000387532936
744	77.7249534485782	3.141206514846356
745	77.71519685200576	3.1403146290604362
746	77.70543774669173	3.1394243914612194
747	77.69567613714271	3.1385358121143896
748	77.68591202786527	3.1376489010856323
749	77.67614542336594	3.1367636684406333
750	77.66637632815133	3.135880124245076
751	77.65660474672798	3.1349982785646464
752	77.64683068360247	3.134118141465029
753	77.63705414328138	3.1332397230119087
754	77.62727513027126	3.132363033270971
755	77.61749364907868	3.1314880823079
756	77.60770970421021	3.1306148801883817
757	77.59792330017243	3.1297434369781008
758	77.58813444147191	3.1288737627427414
759	77.57834313261519	3.12800586754799
760	77.56854937810886	3.1271397614595298
761	77.55875318245948	3.1262754545430465
762	77.54895455017363	3.125412956864226
763	77.5391534857579	3.1245522784887516
764	77.52934999371878	3.123693429482309
765	77.51954407856292	3.122836419910584
766	77.50973574479684	3.1219812598392607
767	77.49992499692713	3.121127959334024
768	77.49011183946037	3.1202765284605585
769	77.48029627690309	3.1194269772845504
770	77.47047831376189	3.118579315871684
771	77.46065795454332	3.1177335542876436
772	77.45083520375395	3.116889702598115
773	77.44101006590039	3.1160477708687835
774	77.43118254548915	3.1152077691653326
775	77.42135264702682	3.1143697075534487
776	77.41152037501998	3.113533596098816
777	77.40168573397517	3.1126994448671197
778	77.391848728399	3.1118672639240454
779	77.382009362798	3.1110370633352766
780	77.37216764167876	3.110208853166499
781	77.36232356954784	3.109382643483398
782	77.35247715091181	3.108558444351658
783	77.34262839027724	3.1077362658369645
784	77.3327772921507	3.1069161180050022
785	77.32292386103875	3.106098010921455
786	77.31306810144795	3.10528195465201
787	77.30321001788491	3.10446795926235
788	77.29334961485617	3.1036560348181617
789	77.28348689686828	3.102846191385129
790	77.27362186842784	3.102038439028937
791	77.2637545340414	3.1012327878152712
792	77.25388489821553	3.1004292478098163
793	77.2440129654568	3.0996278290782566
794	77.23413874027179	3.098828541686278
795	77.22426222716706	3.0980313956995653
796	77.21438343064916	3.0972364011838027
797	77.2045023552247	3.096443568204676
798	77.19461900540021	3.09565290682787
799	77.18473338568228	3.0948644271190693
800	77.17484550057746	3.094078139143959
801	77.16495535459234	3.0932940529682242
802	77.15506295223348	3.0925121786575502
803	77.14516829800743	3.0917325262776214
804	77.13527139642079	3.0909551058941225
805	77.1253722519801	3.0901799275727395
806	77.11547086919194	3.0894070013791564
807	77.10556725256289	3.088636337379058
808	77.0956614065995	3.0878679456381306
809	77.08575333580836	3.0871018362220584
810	77.075843044696	3.086338019196526
811	77.06593053776903	3.0855765046272188
812	77.05601581953401	3.0848173025798213
813	77.04609889449748	3.084060423120019
814	77.03617976716603	3.0833058763134966
815	77.02625844204623	3.082553672225939
816	77.01633492364464	3.0818038209230316
817	77.00640921646786	3.0810563324704585
818	76.9964813250224	3.0803112169339055
819	76.98655125381487	3.079568484379057
820	76.97661900735181	3.0788281448715984
821	76.96668459013982	3.078090208477215
822	76.95674800668547	3.0773546852615907
823	76.9468092614953	3.0766215852904106
824	76.93686835907589	3.075890918629361
825	76.92692530393381	3.075162695344125
826	76.91698010057563	3.074436925500389
827	76.90703275350792	3.0737136191638372
828	76.89708326723724	3.072992786400155
829	76.88713164627015	3.0722744372750275
830	76.87717789511325	3.0715585818541387
831	76.86722201827308	3.070845230203174
832	76.85726402025622	3.0701343923878195
833	76.84730390556925	3.069426078473758
834	76.8373416787187	3.068720298526677
835	76.82737734421119	3.068017062612259
836	76.81741090655323	3.0673163807961905
837	76.80744237025145	3.0666182631441563
838	76.79747173981238	3.065922719721841
839	76.7874990197426	3.0652297605949292
840	76.77752421454865	3.064539395829107
841	76.76754732873714	3.063851635490058
842	76.75756836681464	3.0631664896434687
843	76.74758733328768	3.0624839683550222
844	76.73760423266285	3.061804081690405
845	76.72761906944672	3.061126839715302
846	76.71763184814586	3.060452252495397
847	76.70764257326682	3.059780330096376
848	76.69765124931618	3.0591110825839234
849	76.68765788080051	3.058444520023725
850	76.67766247222639	3.057780652481464
851	76.66766502810039	3.057119490022828
852	76.65766555292905	3.056461042713499
853	76.64766405121895	3.0558053206191644
854	76.63766052747665	3.0551523338055078
855	76.62765498620875	3.0545020923382147
856	76.61764743192181	3.05385460628297
857	76.60763786912236	3.053209885705458
858	76.59762630231701	3.0525679406713646
859	76.5876127360123	3.0519287812463745
860	76.57759717471482	3.051292417496173
861	76.56757962293115	3.050658859486444
862	76.55756008516781	3.050028117282873
863	76.5475385659314	3.049400200951145
864	76.5375150697285	3.0487751205569453
865	76.52748960106565	3.0481528861659584
866	76.51746216444946	3.0475335078438697
867	76.50743276438644	3.046916995656364
868	76.4974014053832	3.0463033596691256
869	76.4873680919463	3.0456926099478405
870	76.47733282858229	3.0450847565581927
871	76.46729561979778	3.0444798095658676
872	76.4572564700993	3.043877779036551
873	76.44721538399342	3.043278675035926
874	76.43717236598673	3.042682507629679
875	76.42712742058578	3.042089286883495
876	76.41708055229716	3.041499022863058
877	76.40703176562741	3.040911725634054
878	76.39698106508311	3.040327405262167
879	76.38692845517085	3.039746071813082
880	76.37687394039716	3.0391677353524855
881	76.36681752526864	3.0385924059460607
882	76.35675921429184	3.038020093659493
883	76.34669901197333	3.0374508085584684
884	76.3366369228197	3.0368845607086703
885	76.32657295133747	3.036321360175785
886	76.31650710203327	3.035761217025496
887	76.30643937941363	3.035204141323489
888	76.29636978798511	3.0346501431354502
889	76.2862983322543	3.034099232527063
890	76.27622501672778	3.033551419564012
891	76.2661498459121	3.033006714311984
892	76.25607282431382	3.0324651268366623
893	76.2459939564395	3.0319266672037326
894	76.23591324679575	3.03139134547888
895	76.2258306998891	3.030859171727789
896	76.21574632022616	3.0303301560161446
897	76.20566011231344	3.029804308409632
898	76.19557208065756	3.0292816389739357
899	76.18548222976504	3.028762157774742
900	76.17539056414252	3.028245874877734
901	76.1652970882965	3.0277328003485984
902	76.15520180673356	3.0272229442530185
903	76.14510472396029	3.0267163166566804
904	76.13500584448326	3.026212927625269
905	76.12490517280902	3.0257127872244687
906	76.11480271344415	3.0252159055199646
907	76.10469847089522	3.0247222925774424
908	76.09459244966878	3.024231958462586
909	76.08448465427142	3.023744913241081
910	76.07437508920971	3.0232611669786125
911	76.06426375899018	3.0227807297408646
912	76.05415066811945	3.0223036115935233
913	76.04403582110405	3.021829822602273
914	76.03391922245056	3.0213593728327988
915	76.02380087666558	3.0208922723507854
916	76.01368078825563	3.020428531221918
917	76.0035589617273	3.019968159511882
918	75.99343540158715	3.0195111672863613
919	75.98331011234177	3.0190575646110416
920	75.97318309849771	3.0186073615516085
921	75.96305436456153	3.018160568173745
922	75.95292391503982	3.017717194543138
923	75.94279175443913	3.0172772507254715
924	75.93265788726603	3.01684074678643
925	75.92252231802713	3.0164076927916996
926	75.91238505122894	3.0159780988069658
927	75.90224609137805	3.0155519748979116
928	75.89210544298103	3.015129331130223
929	75.88196311054445	3.014710177569585
930	75.87181909857489	3.014294524281682
931	75.86167341157889	3.0138823813321998
932	75.85152605406303	3.013473758786823
933	75.84137703053389	3.013068666711236
934	75.83122634549802	3.012667115171125
935	75.82107400346203	3.012269114232174
936	75.81092000893243	3.0118746739600684
937	75.80076436641582	3.011483804420492
938	75.79060708041877	3.011096515679132
939	75.78044815544783	3.0107128178016715
940	75.7702875960096	3.010332720853796
941	75.7601254066106	3.0099562349011904
942	75.74996159175744	3.0095833700095405
943	75.73979615595668	3.0092141362445295
944	75.72962910371488	3.008848543671844
945	75.71946043953864	3.008486602357168
946	75.70929016793445	3.008128322366187
947	75.69911829340896	3.0077737137645864
948	75.6889448204687	3.0074227866180494
949	75.67876975362024	3.007075550992263
950	75.66859309737018	3.0067320169529106
951	75.65841485622504	3.006392194565678
952	75.64823503469141	3.0060560938962504
953	75.63805363727586	3.005723725010312
954	75.62787066848497	3.005395097973548
955	75.6176861328253	3.0050702228516437
956	75.6075000348034	3.004749109710284
957	75.59731237892584	3.004431768615153
958	75.58712316969921	3.0041182096319368
959	75.57693241163008	3.00380844282632
960	75.56674010922501	3.0035024782639876
961	75.55654626699055	3.0032003260106244
962	75.54635088943328	3.0029019961319148
963	75.53615398105978	3.002607498693545
964	75.52595554637664	3.0023168437611987
965	75.51575558989038	3.0020300414005616
966	75.50555411610756	3.0017471016773194
967	75.49535112953481	3.0014680346571554
968	75.48514663467864	3.0011928504057552
969	75.47494063604567	3.0009215589888045
970	75.46473313814242	3.0006541704719867
971	75.45452414547549	3.000390694920989
972	75.44431366255142	3.0001311424014947
973	75.43410169387681	2.9998755229791887
974	75.42388824395823	2.999623846719757
975	75.41367331730221	2.9993761236888834
976	75.40345691841536	2.9991323639522545
977	75.39323905180422	2.9988925775755533
978	75.38301972197536	2.9986567746244654
979	75.37279893343536	2.998424965164677
980	75.36257669069079	2.998197159261871
981	75.35235299824821	2.997973366981734
982	75.34212786061418	2.997753598389951
983	75.33190128229529	2.9975378635522056
984	75.32167326779812	2.997326172534184
985	75.31144382162918	2.99711853540157
986	75.3012129482951	2.9969149622200497
987	75.29098065230241	2.996715463055308
988	75.28074693815769	2.9965200479730294
989	75.27051181036752	2.996328727038898
990	75.26027527343845	2.996141510318601
991	75.25003733187707	2.995958407877821
992	75.23979799018991	2.9957794297822447
993	75.22955725288358	2.995604586097556
994	75.21931512446464	2.9954338868894403
995	75.20907160943965	2.995267342223583
996	75.19882671231517	2.995104962165668
997	75.18858043759776	2.994946756781381
998	75.17833278979401	2.994792736136407
999	75.16808377341052	2.9946429102964305
1000	75.15783339295379	2.9944972893271364
1001	75.14758165293043	2.9943558832942108
1002	75.13732855784698	2.994218702263337
1003	75.12707411221004	2.9940857563002017
1004	75.11681832052618	2.993957055470488
1005	75.10656118730193	2.9938326098398824
1006	75.0963027170439	2.9937124294740696
1007	75.08604291425863	2.9935965244387335
1008	75.0757817834527	2.9934849047995598
1009	75.06551932913268	2.993377580622234
1010	75.05525555580513	2.99327456197244
1011	75.04499046797662	2.993175858915864
1012	75.03472407015373	2.99308148151819
1013	75.02445636684303	2.9929914398451025
1014	75.01418736255107	2.9929057439622877
1015	75.00391706178442	2.99282440393543
1016	74.99364546904965	2.9927474298302146
1017	74.98337258885334	2.992674831712326
1018	74.97309842570206	2.9926066196474497
1019	74.96282298410237	2.9925428037012702
1020	74.95254626856084	2.9924833939394726
1021	74.94226828358403	2.992428400427742
1022	74.9319890336785	2.9923778332317634
1023	74.92170852335087	2.9923317024172214
1024	74.91142675710766	2.992290018049801
1025	74.90114373945543	2.992252790195187
1026	74.8908594749008	2.992220028919066
1027	74.88057396795028	2.992191744287121
1028	74.8702872231105	2.9921679463650372
1029	74.85999924488796	2.9921486452185
1030	74.84971003778927	2.992133850913195
1031	74.83941960632099	2.992123573514806
1032	74.82912795498969	2.9921178230890186
1033	74.81883508830195	2.9921166097015184
1034	74.80854101076432	2.9921199434179884
1035	74.79824572688337	2.9921278343041156
1036	74.78794924116566	2.9921402924255833
1037	74.77765155811778	2.9921573278480778
1038	74.76735268224631	2.9921789506372836
1039	74.75705261805778	2.9922051708588855
1040	74.74675137005877	2.9922359985785683
1041	74.73644894275587	2.992271443862018
1042	74.72614534065562	2.992311516774918
1043	74.71584056826461	2.9923562273829543
1044	74.7055346300894	2.9924055857518117
1045	74.69522753063654	2.9924596019471745
1046	74.68491927441264	2.9925182860347292
1047	74.67460986592423	2.992581648080159
1048	74.6642993096779	2.9926496981491497
1049	74.65398761018021	2.9927224463073867
1050	74.64367477193773	2.992799902620554
1051	74.63336079945701	2.9928820771543374
1052	74.62304569724465	2.992968979974421
1053	74.61272946980722	2.9930606211464905
1054	74.60241212165126	2.993157010736231
1055	74.59209365728334	2.993258158809327
1056	74.58177408121004	2.993364075431463
1057	74.57145339793794	2.993474770668325
1058	74.56113161197361	2.9935902545855972
1059	74.55080872782358	2.993710537248965
1060	74.54048474999445	2.993835628724113
1061	74.53015968299277	2.9939655390767266
1062	74.51983353132516	2.9941002783724904
1063	74.50950629949811	2.9942398566770896
1064	74.49917799201825	2.9943842840562085
1065	74.4888486133921	2.994533570575533
1066	74.47851816812626	2.9946877263007474
1067	74.46818666072731	2.994846761297538
1068	74.45785409570179	2.9950106856315872
1069	74.44752047755627	2.995179509368582
1070	74.43718581079733	2.9953532425742067
1071	74.42685009993153	2.9955318953141465
1072	74.41651334946546	2.9957154776540857
1073	74.40617556390566	2.9959039996597108
1074	74.39583674775871	2.996097471396705
1075	74.38549690553118	2.996295902930754
1076	74.37515604172964	2.996499304327543
1077	74.36481416086066	2.9967076856527566
1078	74.3544712674308	2.9969210569720803
1079	74.34412736594662	2.9971394283511983
1080	74.3337824609147	2.9973628098557956
1081	74.32343655684161	2.9975912115515584
1082	74.31308965823393	2.9978246435041696
1083	74.30274176959821	2.998063115779316
1084	74.29239289544103	2.9983066384426817
1085	74.28204304026893	2.998555221559952
1086	74.27169220858852	2.9988088751968114
1087	74.26134040490635	2.999067609418945
1088	74.25098763372898	2.9993314342920376
1089	74.24063389956298	2.9996003598817755
1090	74.23027920691493	2.999874396253842
1091	74.21992356029139	3.0001535534739223
1092	74.20956696419894	3.0004378416077024
1093	74.19920942314413	3.0007272707208665
1094	74.18885094163353	3.0010218508791
1095	74.17849152417372	3.0013215921480865
1096	74.16813117527127	3.0016265045935127
1097	74.15776989943275	3.0019365982810626
1098	74.14740770116471	3.002251883276421
1099	74.13704458497372	3.0025723696452737
1100	74.12668055536636	3.002898067453306
1101	74.1163156168492	3.003228986766201
1102	74.10594977392881	3.0035651376496455
1103	74.09558303111176	3.0039065301693233
1104	74.08521539290459	3.0042531743909193
1105	74.07484686381389	3.00460508038012
1106	74.06447744834624	3.0049622582026085
1107	74.0541071510082	3.0053247179240707
1108	74.04373597630632	3.005692469610192
1109	74.03336392874719	3.0060655233266558
1110	74.02299101283737	3.006443889139149
1111	74.01261723308342	3.006827577113355
1112	74.00224259399194	3.007216597314959
1113	73.99186710006946	3.0076109598096474
1114	73.98149075582255	3.0080106746631032
1115	73.9711135657578	3.0084157519410124
1116	73.9607355343818	3.00882620170906
1117	73.95035666620106	3.009242034032931
1118	73.93997696572218	3.00966325897831
1119	73.92959643745174	3.010089886610882
1120	73.91921508589628	3.0105219269963315
1121	73.9088329155624	3.0109593902003446
1122	73.89844993095664	3.011402286288606
1123	73.88806613658558	3.0118506253267996
1124	73.87768153695578	3.0123044173806117
1125	73.86729613657383	3.0127636725157263
1126	73.85690993994628	3.013228400797829
1127	73.8465229515797	3.0136986122926044
1128	73.83613517598066	3.0141743170657374
1129	73.82574661765572	3.014655525182913
1130	73.81535728111147	3.015142246709816
1131	73.80496717085448	3.015634491712132
1132	73.79457629139128	3.0161322702555458
1133	73.78418464722847	3.016635592405742
1134	73.77379224287262	3.017144468228406
1135	73.76339908283028	3.017658907789222
1136	73.75300517160805	3.0181789211538756
1137	73.74261051371245	3.0187045183880516
1138	73.73221511365008	3.0192357095574347
1139	73.7218189759275	3.01977250472771
1140	73.7114221050513	3.020314913964563
1141	73.70102450552803	3.0208629473336788
1142	73.69062618186423	3.0214166149007413
1143	73.68022713856652	3.0219759267314354
1144	73.66982738014143	3.022540892891447
1145	73.65942691109555	3.0231115234464605
1146	73.64902573593545	3.0236878284621613
1147	73.63862385916768	3.024269818004234
1148	73.62822128529882	3.0248575021383637
1149	73.61781801883544	3.025450890930235
1150	73.6074140642841	3.0260499944455335
1151	73.59700942615139	3.026654822749944
1152	73.58660410894385	3.0272653859091516
1153	73.57619811716805	3.027881693988841
1154	73.56579145533057	3.028503757054696
1155	73.55538412793798	3.0291315851724034
1156	73.54497613949687	3.0297651884076475
1157	73.53456749451375	3.030404576826113
1158	73.52415819749523	3.031049760493485
1159	73.51374825294788	3.0317007494754487
1160	73.50333766537824	3.032357553837689
1161	73.49292643929293	3.033020183645891
1162	73.48251457919845	3.0336886489657386
1163	73.47210208960142	3.034362959862918
1164	73.46168897500839	3.0350431264031146
1165	73.45127523992593	3.0357291586520114
1166	73.44086088886061	3.036421066675295
1167	73.430445926319	3.0371188605386497
1168	73.42003035680766	3.0378225503077605
1169	73.40961418483316	3.0385321460483126
1170	73.39919741490209	3.0392476578259906
1171	73.388780051521	3.0399690957064793
1172	73.37836209919644	3.040696469755465
1173	73.367943562435	3.041429790038631
1174	73.35752444574324	3.0421690666216628
1175	73.34710475362776	3.0429143095702464
1176	73.33668449059509	3.043665528950065
1177	73.3262636611518	3.044422734826805
1178	73.31584226980448	3.0451859372661505
1179	73.30542032105967	3.0459551463337866
1180	73.29499781942398	3.0467303720953987
1181	73.28457476940395	3.0475116246166714
1182	73.27415117550613	3.0482989139632894
1183	73.26372704223712	3.0490922502009385
1184	73.25330237410348	3.049891643395303
1185	73.24287717561181	3.0506971036120683
1186	73.2324514512686	3.051508640916919
1187	73.2220252055805	3.05232626537554
1188	73.21159844305402	3.0531499870536165
1189	73.20117116819574	3.053979816016833
1190	73.19074338551228	3.0548157623308754
1191	73.18031509951014	3.0556578360614277
1192	73.16988631469592	3.0565060472741754
1193	73.15945703557617	3.057360406034803
1194	73.14902726665748	3.058220922408996
1195	73.13859701244643	3.059087606462439
1196	73.12816627744955	3.0599604682608175
1197	73.11773506617344	3.060839517869816
1198	73.10730338312464	3.061724765355119
1199	73.09687123280975	3.062616220782413
1200	73.08643861973532	3.063513894217381
1201	73.07600554840792	3.064417795725709
1202	73.06557202333411	3.065327935373082
1203	73.05513804902047	3.0662443232251846
1204	73.04470362997358	3.067166969347703
1205	73.0342687707	3.06809588380632
1206	73.02383347570627	3.0690310766667217
1207	73.01339774949899	3.069972557994594
1208	73.00296159658471	3.070920337855621
1209	72.99252502147002	3.071874426315487
1210	72.9820880286615	3.0728348334398774
1211	72.97165062266565	3.073801569294477
1212	72.9612128079891	3.074774643944972
1213	72.9507745891384	3.0757540674570456
1214	72.94033597062013	3.076739849896384
1215	72.92989695694085	3.077732001328672
1216	72.91945755260711	3.078730531819594
1217	72.9090177621255	3.0797354514348356
1218	72.89857759000259	3.0807467702400806
1219	72.88813704074494	3.081764498301016
1220	72.87769611885912	3.0827886456833253
1221	72.8672548288517	3.0838192224526932
1222	72.85681317522923	3.084856238674805
1223	72.84637116249831	3.0858997044153464
1224	72.8359287951655	3.0869496297400016
1225	72.82548607773735	3.0880060247144554
1226	72.81504301472044	3.089068899404394
1227	72.80459961062134	3.090138263875501
1228	72.79415586994662	3.091214128193462
1229	72.78371179720284	3.0922965024239617
1230	72.77326739689659	3.0933853966326854
1231	72.7628226735344	3.094480820885318
1232	72.75237763162286	3.0955827852475437
1233	72.74193227566855	3.096691299785048
1234	72.73148661017802	3.0978063745635165
1235	72.72104063965786	3.0989280196486333
1236	72.71059436861461	3.100056245106084
1237	72.70014780155485	3.1011910610015523
1238	72.68970094298516	3.102332477400725
1239	72.67925379741209	3.1034805043692857
1240	72.66880636934222	3.104635151972919
1241	72.65835866328212	3.105796430277312
1242	72.64791068373833	3.1069643493481482
1243	72.63746243521747	3.108138919251112
1244	72.62701392222608	3.10932015005189
1245	72.61656514927071	3.110508051816165
1246	72.60611612085796	3.1117026346096237
1247	72.59566684149438	3.1129039084979504
1248	72.58521731568655	3.11411188354683
1249	72.57476754794104	3.115326569821948
1250	72.5643175427644	3.116547977388989
1251	72.5538673046632	3.117776116313638
1252	72.54341683814403	3.1190109966615798
1253	72.53296614771342	3.1202526284984997
1254	72.52251523787801	3.121501021890082
1255	72.51206411314429	3.1227561869020124
1256	72.50161277801887	3.1240181335999755
1257	72.4911612370083	3.125286872049656
1258	72.48070949461916	3.1265624123167397
1259	72.47025755535803	3.1278447644669107
1260	72.45980542373145	3.1291339385658548
1261	72.44935310424601	3.130429944679256
1262	72.43890060140826	3.1317327928727994
1263	72.42844791972479	3.133042493212171
1264	72.41799506370216	3.1343590557630554
1265	72.40754203784694	3.1356824905911362
1266	72.39708884666567	3.1370128077621002
1267	72.38663549466496	3.138350017341631
1268	72.37618198635136	3.1396941293954144
1269	72.36572832623145	3.141045153989135
1270	72.35527451881177	3.1424031011884774
1271	72.3448205685989	3.1437679810591277
1272	72.33436648009942	3.1451398036667695
1273	72.3239122578199	3.1465185790770884
1274	72.3134579062669	3.1479043173557697
1275	72.303003429947	3.1492970285684985
1276	72.29254883336674	3.150696722780959
1277	72.28209412103271	3.152103410058836
1278	72.27163929745149	3.1535171004678153
1279	72.26118436712962	3.1549378040735814
1280	72.25072933457368	3.1563655309418186
1281	72.24027420429023	3.157800291138213
1282	72.22981898078585	3.15924209472845
1283	72.21936366856713	3.1606909517782125
1284	72.20890827214059	3.162146872353188
1285	72.19845279601283	3.163609866519059
1286	72.18799724469042	3.1650799443415125
1287	72.17754162267991	3.1665571158862322
1288	72.16708593448789	3.168041391218903
1289	72.15663018462091	3.1695327804052105
1290	72.14617437758554	3.17103129351084
1291	72.13571851788835	3.172536940601475
1292	72.12526261003592	3.174049731742802
1293	72.1148066585348	3.1755696770005053
1294	72.10435066789158	3.177096786440269
1295	72.09389464261281	3.1786310701277802
1296	72.08343858720507	3.180172538128722
1297	72.07298250617491	3.1817212005087807
1298	72.06252640402893	3.18327706733364
1299	72.05207028527367	3.184840148668985
1300	72.04161415441571	3.186410454580501
1301	72.03115801596161	3.1879879951338737
1302	72.02070187441795	3.189572780394787
1303	72.0102457342913	3.1911648204289262
1304	71.99978960008822	3.1927641253019763
1305	71.98933347631527	3.1943707050796224
1306	71.97887736747903	3.1959845698275493
1307	71.96842127808607	3.1976057296114417
1308	71.95796521264296	3.1992341944969858
1309	71.94750917565626	3.200869974549865
1310	71.93705317163254	3.202513079835765
1311	71.92659720507838	3.2041635204203702
1312	71.91614128050033	3.205821306369366
1313	71.90568540240497	3.2074864477484377
1314	71.89522957529886	3.2091589546232697
1315	71.88477380368857	3.2108388370595473
1316	71.87431809208069	3.212526105122955
1317	71.86386244498175	3.2142207688791786
1318	71.85340686689835	3.2159228383939022
1319	71.84295136233705	3.217632323732812
1320	71.8324959358044	3.2193492349615913
1321	71.822040591807	3.2210735821459258
1322	71.81158533485139	3.2228053753515007
1323	71.80113016944416	3.2245446246440004
1324	71.79067510009186	3.2262913400891104
1325	71.78022013130108	3.2280455317525156
1326	71.76976526757836	3.2298072096999006
1327	71.75931051343028	3.231576383996951
1328	71.74885587336344	3.233353064709351
1329	71.73840135188436	3.235137261902786
1330	71.72794695349964	3.2369289856429413
1331	71.71749268271583	3.238728245995502
1332	71.7070385440395	3.240535053026151
1333	71.69658454197723	3.2423494168005758
1334	71.68613068103559	3.2441713473844596
1335	71.67567696572112	3.246000854843489
1336	71.66522340054043	3.247837949243347
1337	71.65476999000006	3.2496826406497203
1338	71.64431673860659	3.2515349391282933
1339	71.63386365086657	3.25339485474475
1340	71.6234107312866	3.2552623975647768
1341	71.61295798437322	3.257137577654058
1342	71.60250541463301	3.2590204050782794
1343	71.59205302657254	3.2609108899031245
1344	71.58160082469838	3.262809042194279
1345	71.57114881351708	3.2647148720174273
1346	71.56069699753525	3.2666283894382557
1347	71.55024538125942	3.2685496045224474
1348	71.53979396919615	3.2704785273356887
1349	71.52934276585205	3.272415167943665
1350	71.51889177573365	3.2743595364120592
1351	71.50844100334753	3.276311642806558
1352	71.49799045320029	3.2782714971928457
1353	71.48754012979845	3.280239109636608
1354	71.47709003764861	3.282214490203529
1355	71.4666401812573	3.2841976489592932
1356	71.45619056513115	3.2861885959695867
1357	71.4457411937767	3.288187341300094
1358	71.43529207170049	3.2901938950165004
1359	71.42484320340911	3.2922082671844906
1360	71.41439459340913	3.294230467869749
1361	71.40394624620713	3.296260507137961
1362	71.39349816630967	3.2982983950548124
1363	71.3830503582233	3.300344141685987
1364	71.37260282645461	3.3023977570971703
1365	71.36215557551016	3.3044592513540474
1366	71.3517086098965	3.3065286345223024
1367	71.34126193412027	3.3086059166676214
1368	71.33081555268794	3.310691107855688
1369	71.32036947010614	3.3127842181521885
1370	71.30992369088142	3.3148852576228074
1371	71.29947821952035	3.3169942363332297
1372	71.28903306052952	3.3191111643491396
1373	71.27858821841545	3.321236051736223
1374	71.26814369768475	3.3233689085601648
1375	71.25769950284396	3.3255097448866504
1376	71.24725563839968	3.3276585707813635
1377	71.23681210885847	3.3298153963099897
1378	71.22636891872688	3.3319802315382137
1379	71.21592607251148	3.3341530865317206
1380	71.20548357471885	3.3363339713561952
1381	71.19504142985556	3.3385228960773237
1382	71.18459964242818	3.3407198707607892
1383	71.17415821694325	3.3429249054722776
1384	71.16371715790739	3.3451380102774744
1385	71.15327646982712	3.3473591952420634
1386	71.14283615720903	3.349588470431731
1387	71.13239622455968	3.3518258459121606
1388	71.12195667638565	3.354071331749038
1389	71.11151751719349	3.3563249380080475
1390	71.1010787514898	3.358586674754875
1391	71.09064038378112	3.3608565520552043
1392	71.08020241857403	3.363134579974722
1393	71.06976486037509	3.3654207685791118
1394	71.05932771369086	3.3677151279340594
1395	71.04889098302795	3.3700176681052483
1396	71.03845467289288	3.3723283991583655
1397	71.02801878779225	3.3746473311590957
1398	71.01758333223262	3.376974474173122
1399	71.00714831072054	3.37930983826613
1400	70.9967137277626	3.381653433503806
1401	70.98627958786537	3.384005269951834
1402	70.9758458955354	3.386365357675899
1403	70.96541265527927	3.3887337067416863
1404	70.95497987160356	3.39111032721488
1405	70.9445475490148	3.393495229161166
1406	70.93411569201962	3.3958884226462294
1407	70.92368430512452	3.398289917735754
1408	70.91325339283611	3.4006997244954262
1409	70.90282295966095	3.4031178529909303
1410	70.89239301010561	3.405544313287951
1411	70.88196354867667	3.407979115452173
1412	70.87153457988066	3.4104222695492816
1413	70.86110610822418	3.4128737856449622
1414	70.8506781382138	3.4153336738048994
1415	70.84025067435606	3.4178019440947778
1416	70.82982372115757	3.4202786065802835
1417	70.81939728312486	3.4227636713271
1418	70.80897136476452	3.4252571484009136
1419	70.7985459705831	3.427759047867408
1420	70.7881211050872	3.4302693797922696
1421	70.77769677278337	3.4327881542411824
1422	70.76727297817817	3.435315381279831
1423	70.75684972577817	3.4378510709739007
1424	70.74642702008995	3.440395233389077
1425	70.73600486562007	3.4429478785910446
1426	70.7255832668751	3.4455090166454885
1427	70.71516222836162	3.448078657618093
1428	70.70474175458618	3.4506568115745435
1429	70.69432185005536	3.4532434885805254
1430	70.6839025192757	3.455838698701723
1431	70.67348376675383	3.458442452003823
1432	70.66306559699628	3.4610547585525078
1433	70.6526480145096	3.4636756284134633
1434	70.64223102380038	3.4663050716523753
1435	70.63181462937517	3.468943098334927
1436	70.62139883574059	3.471589718526805
1437	70.61098364740316	3.4742449422936943
1438	70.60056906886945	3.4769087797012785
1439	70.59015510464604	3.479581240815244
1440	70.57974175923952	3.4822623357012747
1441	70.56932903715642	3.4849520744250557
1442	70.55891694290332	3.4876504670522737
1443	70.5485054809868	3.490357523648611
1444	70.53809465591343	3.4930732542797536
1445	70.52768447218976	3.495797669011387
1446	70.51727493432236	3.498530777909196
1447	70.50686604681782	3.5012725910388647
1448	70.49645781418269	3.5040231184660793
1449	70.48605024092353	3.5067823702565235
1450	70.47564333154695	3.509550356475883
1451	70.46523709055947	3.5123270871898433
1452	70.45483152246769	3.5151125724640884
1453	70.44442663177814	3.517906822364305
1454	70.43402242299744	3.520709846956175
1455	70.42361890063214	3.5235216563053853
1456	70.41321606918879	3.526342260477621
1457	70.40281393317396	3.5291716695385658
1458	70.39241249709424	3.532009893553906
1459	70.38201176545618	3.534856942589326
1460	70.37161174276638	3.537712826710511
1461	70.36121243353135	3.540577555983146
1462	70.35081384225771	3.543451140472915
1463	70.340415973452	3.5463335902455047
1464	70.3300188316208	3.5492249153665996
1465	70.3196224212707	3.552125125901883
1466	70.30922674690821	3.555034231917041
1467	70.29883181303995	3.557952243477759
1468	70.28843762417247	3.5608791706497214
1469	70.27804418481233	3.5638150234986132
1470	70.26765149946614	3.5667598120901194
1471	70.25725957264041	3.5697135464899246
1472	70.24686840884175	3.572676236763715
1473	70.2364780125767	3.575647892977174
1474	70.22608838835184	3.5786285251959873
1475	70.21569954067377	3.5816181434858416
1476	70.205311474049	3.584616757912418
1477	70.19492419298413	3.587624378541405
1478	70.18453770198573	3.5906410154384854
1479	70.17415200556036	3.5936666786693445
1480	70.16376710821461	3.5967013782996684
1481	70.15338301445502	3.599745124395141
1482	70.14299972878815	3.6027979270214474
1483	70.1326172557206	3.6058597962442733
1484	70.12223559975894	3.6089307421293024
1485	70.11185476540972	3.6120107747422208
1486	70.1014747571795	3.615099904148714
1487	70.09109557957485	3.6181981404144645
1488	70.08071723710238	3.6213054936051594
1489	70.0703397342686	3.624421973786483
1490	70.05996307558013	3.6275475910241197
1491	70.04958726554351	3.6306823553837555
1492	70.0392123086653	3.633826276931075
1493	70.02883820945208	3.636979365731763
1494	70.01846497241043	3.6401416318515043
1495	70.0080926020469	3.6433130853559836
1496	69.99772110286807	3.6464937363108874
1497	69.9873504793805	3.649683594781899
1498	69.97698073609075	3.6528826708347046
1499	69.96661187750544	3.656090974534988
1500	69.95624390813107	3.659308515948435
1501	69.94587683247424	3.66253530514073
1502	69.93551065504151	3.6657713521775577
1503	69.92514538033947	3.669016667124604
1504	69.91478101287467	3.6722712600475536
1505	69.90441755715368	3.675535141012091
1506	69.89405501768306	3.6788083200839012
1507	69.8836933989694	3.6820908073286702
1508	69.87333270551923	3.6853826128120817
1509	69.86297294183919	3.688683746599822
1510	69.85261411243577	3.6919942187575745
1511	69.84225622181557	3.6953140393510244
1512	69.83189927448518	3.698643218445858
1513	69.82154327495113	3.7019817661077585
1514	69.81118822772002	3.705329692402412
1515	69.8008341372984	3.7086870073955036
1516	69.79048100819283	3.712053721152717
1517	69.78012884490991	3.715429843739739
1518	69.76977765195618	3.718815385222253
1519	69.75942743383823	3.7222103556659447
1520	69.7490781950626	3.7256147651365
1521	69.73872994013587	3.7290286236996013
1522	69.72838267356462	3.7324519414209356
1523	69.71803639985542	3.7358847283661873
1524	69.70769112351483	3.739326994601041
1525	69.69734684904941	3.7427787501911816
1526	69.68700358096574	3.7462400052022953
1527	69.67666132377039	3.749710769700066
1528	69.6663200819699	3.753191053750179
1529	69.6559798600709	3.756680867418319
1530	69.6456406625799	3.760180220770171
1531	69.63530249400348	3.7636891238714214
1532	69.62496535884821	3.7672075867877526
1533	69.61462926162069	3.7707356195848507
1534	69.60429420682746	3.774273232328401
1535	69.59396019897508	3.777820435084088
1536	69.58362724257015	3.7813772379175976
1537	69.5732953421192	3.784943650894613
1538	69.5629645021288	3.788519684080821
1539	69.55263472710557	3.7921053475419053
1540	69.54230602155603	3.7957006513435516
1541	69.53197838998676	3.799305605551444
1542	69.52165183690433	3.80292022023127
1543	69.5113263668153	3.806544505448711
1544	69.50100198422626	3.810178471269454
1545	69.49067869364377	3.8138221277591833
1546	69.48035649957438	3.8174754849835835
1547	69.47003540652467	3.8211385530083413
1548	69.45971541900124	3.8248113418991396
1549	69.4493965415106	3.8284938617216646
1550	69.43907877855935	3.832186122541601
1551	69.42876213465405	3.835888134424634
1552	69.41844661430127	3.839599907436448
1553	69.40813222200762	3.843321451642729
1554	69.3978189622796	3.84705277710916
1555	69.38750683962381	3.850793893901428
1556	69.37719585854683	3.854544812085216
1557	69.3668860235552	3.8583055417262107
1558	69.35657733915552	3.8620760928900966
1559	69.34626980985432	3.865856475642558
1560	69.33596344015821	3.869646700049281
1561	69.32565823457372	3.8734467761759497
1562	69.31535419760746	3.8772567140882486
1563	69.30505133376597	3.8810765238518643
1564	69.29474964755582	3.884906215532481
1565	69.28444914348358	3.888745799195783
1566	69.27414982605582	3.892595284907456
1567	69.26385169977911	3.8964546827331836
1568	69.25355476916002	3.9003240027386528
1569	69.24325903870512	3.904203254989547
1570	69.23296451292097	3.908092449551552
1571	69.22267119631414	3.9119915964903527
1572	69.21237909339119	3.9159007058716337
1573	69.20208820865872	3.91981978776108
1574	69.19179854662328	3.923748852224377
1575	69.18151011179141	3.9276879093272106
1576	69.17122290866972	3.9316369691352633
1577	69.16093694176476	3.9355960417142213
1578	69.15065221558312	3.939565137129769
1579	69.14036873463132	3.943544265447593
1580	69.13008650341598	3.947533436733376
1581	69.11980552644363	3.9515326610528048
1582	69.10952580822085	3.9555419484715637
1583	69.09924735325424	3.959561309055337
1584	69.08897016605033	3.9635907528698118
1585	69.07869425111568	3.9676302899806704
1586	69.06841961295689	3.971679930453599
1587	69.05814625608052	3.975739684354284
1588	69.04787418499315	3.9798095617484073
1589	69.0376034042013	3.9838895727016554
1590	69.0273339182116	3.987979727279714
1591	69.01706573153056	3.9920800355482666
1592	69.0067988486648	3.9961905075729995
1593	68.99653327412086	4.000311153419597
1594	68.98626901240532	4.004441983153743
1595	68.97600606802473	4.008583006841126
1596	68.96574444548568	4.012734234547426
1597	68.95548414929473	4.016895676338332
1598	68.94522518395846	4.021067342279528
1599	68.93496755398341	4.025249242436697
1600	68.92471126387616	4.0294413868755266
1601	68.9144563181433	4.0336437856617
1602	68.90420272129138	4.037856448860902
1603	68.89395047782696	4.042079386538819
1604	68.88369959225662	4.046312608761135
1605	68.87345006908693	4.050556125593536
1606	68.86320191282445	4.054809947101705
1607	68.85295512797578	4.059074083351328
1608	68.84270971904742	4.0633485444080915
1609	68.832465690546	4.06763334033768
1610	68.82222304697807	4.0719284812057746
1611	68.81198179285019	4.076233977078065
1612	68.80174193266895	4.080549838020233
1613	68.79150347094088	4.0848760740979655
1614	68.78126641217258	4.089212695376948
1615	68.77103076087062	4.093559711922863
1616	68.76079652154155	4.097917133801396
1617	68.75056369869196	4.102284971078235
1618	68.74033229682838	4.106663233819061
1619	68.73010232045742	4.111051932089561
1620	68.71987377408563	4.115451075955421
1621	68.70964666221958	4.119860675482323
1622	68.69942098936585	4.124280740735954
1623	68.68919676003098	4.128711281781999
1624	68.67897397872156	4.133152308686141
1625	68.66875264994415	4.137603831514068
1626	68.65853277820533	4.142065860331462
1627	68.64831436801167	4.14653840520401
1628	68.63809742386971	4.151021476197396
1629	68.62788195028604	4.155515083377305
1630	68.61766795176723	4.160019236809424
1631	68.60745543281983	4.164533946559436
1632	68.59724439795045	4.169059222693025
1633	68.5870348516656	4.173595075275878
1634	68.5768267984719	4.178141514373678
1635	68.5666202428759	4.182698550052111
1636	68.55641518938415	4.187266192376862
1637	68.54621164250325	4.191844451413616
1638	68.53600960673974	4.19643333722806
1639	68.5258090866002	4.201032859885874
1640	68.51561008659121	4.205643029452747
1641	68.50541261121931	4.210263855994363
1642	68.4952166649911	4.214895349576407
1643	68.48502225241313	4.219537520264565
1644	68.47482937799198	4.2241903781245185
1645	68.4646380462342	4.228853933221955
1646	68.45444826164636	4.233528195622559
1647	68.44426002873507	4.238213175392016
1648	68.43407335200683	4.24290888259601
1649	68.42388823596826	4.2476153273002275
1650	68.41370468512592	4.252332519570351
1651	68.40352270398635	4.257060469472068
1652	68.39334229705617	4.2617991870710625
1653	68.3831634688419	4.26654868243302
1654	68.37298622385012	4.271308965623623
1655	68.36281056658741	4.276080046708559
1656	68.35263650156034	4.280861935753513
1657	68.34246403327546	4.285654642824168
1658	68.33229316623935	4.290458177986211
1659	68.32212390495859	4.295272551305326
1660	68.31195625393973	4.300097772847197
1661	68.30179021768934	4.304933852677511
1662	68.291625800714	4.309780800861952
1663	68.28146300752026	4.314638627466204
1664	68.2713018426147	4.319507342555955
1665	68.2611423105039	4.324386956196887
1666	68.25098441569442	4.329277478454685
1667	68.24082816269281	4.334178919395035
1668	68.23067355600566	4.339091289083622
1669	68.22052060013952	4.34401459758613
1670	68.21036929960098	4.348948854968246
1671	68.2002196588966	4.353894071295652
1672	68.19007168253295	4.358850256634036
1673	68.17992537501658	4.363817421049081
1674	68.16978074085408	4.368795574606473
1675	68.159637784552	4.373784727371896
1676	68.14949651061696	4.378784889411037
1677	68.13935692355545	4.383796070789577
1678	68.12921902787409	4.388818281573205
1679	68.11908282807943	4.393851531827604
1680	68.10894832867804	4.398895831618458
1681	68.09881553417651	4.403951191011455
1682	68.08868444908137	4.409017620072277
1683	68.07855507789921	4.41409512886661
1684	68.06842742513659	4.41918372746014
1685	68.0583014953001	4.424283425918551
1686	68.0481772928963	4.429394234307528
1687	68.03805482243173	4.4345161626927565
1688	68.02793408841299	4.439649221139921
1689	68.01781509534665	4.444793419714705
1690	68.00769784773925	4.4499487684827965
1691	67.99758235009739	4.4551152775098775
1692	67.98746860692762	4.460292956861635
1693	67.9773566227365	4.465481816603753
1694	67.96724640203061	4.470681866801917
1695	67.95713794931652	4.475893117521812
1696	67.94703126910082	4.4811155788291215
1697	67.93692636589003	4.486349260789533
1698	67.92682324419076	4.491594173468731
1699	67.91672190850954	4.496850326932398
1700	67.90662236335298	4.50211773124622
1701	67.89652461322763	4.507396396475883
1702	67.88642866264004	4.512686332687072
1703	67.8763345160968	4.51798754994547
1704	67.86624217810449	4.523300058316765
1705	67.85615165316963	4.5286238678666395
1706	67.84606294579886	4.533958988660779
1707	67.8359760604987	4.539305430764869
1708	67.8258910017757	4.5446632042445945
1709	67.81580777413647	4.550032319165641
1710	67.80572638208758	4.555412785593692
1711	67.79564683013557	4.560804613594432
1712	67.78556912278702	4.566207813233548
1713	67.77549326454849	4.571622394576724
1714	67.76541925992656	4.5770483676896445
1715	67.75534711342782	4.582485742637995
1716	67.74527682955879	4.587934529487461
1717	67.73520841282607	4.593394738303726
1718	67.72514186773621	4.598866379152476
1719	67.7150771987958	4.604349462099396
1720	67.70501441051141	4.609843997210172
1721	67.69495350738957	4.615349994550487
1722	67.68489449393688	4.620867464186025
1723	67.6748373746599	4.626396416182474
1724	67.66478215406521	4.631936860605517
1725	67.65472883665939	4.63748880752084
1726	67.64467742694896	4.643052266994127
1727	67.63462792944051	4.648627249091064
1728	67.62458034864062	4.654213763877335
1729	67.61453468905586	4.659811821418625
1730	67.6044909551928	4.66542143178062
1731	67.59444915155798	4.6710426050290055
1732	67.58440928265799	4.6766753512294645
1733	67.5743713529994	4.682319680447682
1734	67.56433536708877	4.6879756027493436
1735	67.55430132943269	4.693643128200135
1736	67.5442692445377	4.69932226686574
1737	67.53423911691038	4.705013028811845
1738	67.5242109510573	4.710715424104133
1739	67.51418475148502	4.716429462808289
1740	67.50416052270012	4.722155154990001
1741	67.49413826920916	4.727892510714951
1742	67.48411799551872	4.7336415400488265
1743	67.47409970613533	4.7394022530573094
1744	67.46408340556562	4.745174659806086
1745	67.45406909831613	4.750958770360842
1746	67.4440567888934	4.75675459478726
1747	67.43404648180403	4.762562143151028
1748	67.42403818155458	4.76838142551783
1749	67.41403189265162	4.77421245195335
1750	67.40402761960175	4.7800552325232735
1751	67.39402536691146	4.785909777293286
1752	67.38402513908738	4.791776096329071
1753	67.37402694063607	4.797654199696316
1754	67.36403077606408	4.803544097460704
1755	67.35403664987803	4.80944579968792
1756	67.3440445665844	4.81535931644365
1757	67.33405453068983	4.821284657793577
1758	67.32406654670085	4.827221833803388
1759	67.31408061912404	4.833170854538767
1760	67.304096752466	4.839131730065399
1761	67.29411495123324	4.84510447044897
1762	67.28413521993238	4.851089085755163
1763	67.27415756306995	4.8570855860496644
1764	67.26418198515256	4.863093981398159
1765	67.25420849068674	4.869114281866333
1766	67.24423708417905	4.875146497519868
1767	67.2342677701361	4.881190638424452
1768	67.22430055306444	4.887246714645768
1769	67.21433543747064	4.893314736249502
1770	67.20437242786126	4.899394713301339
1771	67.19441152874286	4.905486655866964
1772	67.18445274462204	4.911590574012061
1773	67.17449608000534	4.917706477802316
1774	67.16454153939935	4.923834377303414
1775	67.15458912731063	4.929974282581039
1776	67.14463884824572	4.936126203700878
1777	67.13469070671123	4.942290150728613
1778	67.12474470721371	4.948466133729932
1779	67.11480085425974	4.954654162770517
1780	67.10485915235586	4.960854247916054
1781	67.09491960600867	4.9670663992322295
1782	67.08498221972472	4.973290626784727
1783	67.07504699801058	4.979526940639231
1784	67.06511394537284	4.985775350861428
1785	67.05518306631804	4.992035867517003
1786	67.04525436535276	4.998308500671639
1787	67.03532784698356	5.004593260391023
1788	67.02540351571702	5.010890156740839
1789	67.01548137605971	5.017199199786772
1790	67.00556143251819	5.023520399594506
1791	66.99564368959902	5.029853766229728
1792	66.98572815180879	5.036199309758121
1793	66.97581482365405	5.042557040245372
1794	66.9659037096414	5.048926967757164
1795	66.95599481427735	5.055309102359183
1796	66.9460881420685	5.061703454117114
1797	66.93618369752144	5.068110033096642
1798	66.92628148514271	5.0745288493634515
1799	66.9163815094389	5.080959912983229
1800	66.90648377491657	5.0874032340216555
1801	66.89658828608228	5.09385882254442
1802	66.88669504744259	5.100326688617206
1803	66.87680406350407	5.106806842305698
1804	66.86691533877334	5.113299293675581
1805	66.85702887775689	5.119804052792542
1806	66.84714468496134	5.126321129722263
1807	66.83726276489324	5.132850534530431
1808	66.82738312205916	5.13939227728273
1809	66.8175057609657	5.145946368044847
1810	66.80763068611937	5.152512816882464
1811	66.79775790202677	5.159091633861267
1812	66.78788741319447	5.165682829046942
1813	66.77801922412903	5.172286412505171
1814	66.76815333933703	5.178902394301643
1815	66.75828976332504	5.18553078450204
1816	66.7484285005996	5.1921715931720485
1817	66.73856955566731	5.198824830377353
1818	66.72871293303473	5.205490506183638
1819	66.71885863720841	5.212168630656588
1820	66.70900667269494	5.218859213861892
1821	66.69915704400088	5.22556226586523
1822	66.68930975563279	5.232277796732288
1823	66.67946481209728	5.239005816528753
1824	66.66962221790087	5.245746335320308
1825	66.65978197755013	5.252499363172639
1826	66.64994409555165	5.25926491015143
1827	66.64010857641199	5.266042986322367
1828	66.63027542463774	5.272833601751135
1829	66.62044464473543	5.279636766503417
1830	66.61061624121164	5.2864524906448995
1831	66.60079021857295	5.29328078424127
1832	66.59096658132593	5.3001216573582095
1833	66.58114533397715	5.306975120061404
1834	66.57132648103315	5.313841182416539
1835	66.56151002700054	5.320719854489298
1836	66.55169597638584	5.327611146345369
1837	66.54188433369566	5.334515068050434
1838	66.53207510343657	5.34143162967018
1839	66.5222682901151	5.348360841270291
1840	66.51246389823783	5.355302712916452
1841	66.50266193231136	5.362257254674347
1842	66.49286239684221	5.369224476609663
1843	66.48306529633702	5.376204388788086
1844	66.47327063530227	5.383197001275297
1845	66.46347841824459	5.3902023241369825
1846	66.45368864967053	5.397220367438827
1847	66.44390133408665	5.404251141246518
1848	66.43411647599955	5.4112946556257375
1849	66.42433407991575	5.4183509206421725
1850	66.41455415034186	5.425419946361506
1851	66.40477669178442	5.432501742849426
1852	66.39500170875002	5.439596320171614
1853	66.38522920574522	5.446703688393757
1854	66.37545918727658	5.453823857581542
1855	66.36569165785068	5.46095683780065
1856	66.35592662197406	5.468102639116766
1857	66.34616408415333	5.475261271595576
1858	66.33640404889506	5.482432745302767
1859	66.32664652070578	5.489617070304022
1860	66.31689150409207	5.496814256665027
1861	66.30713900356051	5.504024314451464
1862	66.29738902361767	5.511247253729022
1863	66.28764156877013	5.518483084563384
1864	66.2778966435244	5.525731817020235
1865	66.26815425238712	5.532993461165261
1866	66.25841439986482	5.540268027064146
1867	66.24867709046406	5.547555524782573
1868	66.23894232869145	5.55485596438623
1869	66.22921011905352	5.562169355940801
1870	66.21948046605684	5.569495709511971
1871	66.20975337420799	5.576835035165425
1872	66.20002884801357	5.584187342966848
1873	66.19030689198009	5.591552642981924
1874	66.18058751061415	5.598930945276339
1875	66.17087070842229	5.606322259915778
1876	66.16115648991112	5.613726596965927
1877	66.1514448595872	5.621143966492468
1878	66.14173582195707	5.628574378561088
1879	66.13202938152732	5.636017843237472
1880	66.12232554280452	5.6434743705873025
1881	66.11262431029522	5.650943970676268
1882	66.10292568850602	5.658426653570052
1883	66.09322968194346	5.665922429334339
1884	66.0835362951141	5.673431308034815
1885	66.07384553252454	5.680953299737164
1886	66.06415739868135	5.68848841450707
1887	66.05447189809107	5.696036662410223
1888	66.04478903526028	5.703598053512302
1889	66.03510881469555	5.711172597878993
1890	66.02543124090344	5.718760305575983
1891	66.01575631839053	5.726361186668956
1892	66.00608405166341	5.7339752512235975
1893	65.9964144452286	5.741602509305591
1894	65.98674750359268	5.749242970980623
1895	65.97708323126224	5.756896646314378
1896	65.96742163274384	5.764563545372541
1897	65.95776271254405	5.772243678220796
1898	65.94810647516944	5.779937054924831
1899	65.93845292512655	5.787643685550327
1900	65.92880206692199	5.795363580162972
1901	65.9191539050623	5.803096748828448
1902	65.90950844405407	5.8108432016124425
1903	65.89986568840385	5.81860294858064
1904	65.89022564261822	5.826375999798724
1905	65.88058831120372	5.834162365332382
1906	65.87095369866697	5.841962055247296
1907	65.86132180951451	5.849775079609154
1908	65.85169264825288	5.8576014484836385
1909	65.8420662193887	5.865441171936437
1910	65.8324425274285	5.87329426003323
1911	65.82282157687887	5.881160722839708
1912	65.81320337224639	5.889040570421551
1913	65.80358791803758	5.8969338128444475
1914	65.79397521875904	5.90484046017408
1915	65.78436527891736	5.912760522476137
1916	65.77475810301907	5.920694009816298
1917	65.76515369557077	5.9286409322602545
1918	65.75555206107899	5.9366012998736855
1919	65.74595320405032	5.944575122722279
1920	65.73635712899134	5.952562410871719
1921	65.72676384040861	5.960563174387694
1922	65.71717334280869	5.9685774233358835
1923	65.70758564069814	5.976605167781974
1924	65.69800073858356	5.9846464177916525
1925	65.68841864097149	5.9927011834306025
1926	65.67883935236853	6.0007694747645095
1927	65.6692628772812	6.008851301859059
1928	65.65968922021611	6.016946674779932
1929	65.6501183856798	6.025055603592818
1930	65.64055037817886	6.033178098363402
1931	65.63098520221986	6.041314169157367
1932	65.62142286230934	6.0494638260404
1933	65.6118633629539	6.057627079078183
1934	65.60230670866008	6.065803938336402
1935	65.59275290393448	6.073994413880743
1936	65.58320195328366	6.08219851577689
1937	65.57365386121417	6.090416254090528
1938	65.56410863223257	6.098647638887343
1939	65.55456627084547	6.106892680233017
1940	65.54502678155941	6.1151513881932384
1941	65.53549016888097	6.123423772833692
1942	65.52595643731671	6.131709844220061
1943	65.51642559137319	6.140009612418034
1944	65.506897635557	6.1483230874932895
1945	65.49737257437468	6.156650279511515
1946	65.48785041233285	6.164991198538399
1947	65.478331153938	6.173345854639623
1948	65.46881480369677	6.1817142578808735
1949	65.4593013661157	6.190096418327834
1950	65.44979084570134	6.198492346046191
1951	65.4402832469603	6.206902051101627
1952	65.43077857439913	6.21532554355983
1953	65.42127683252437	6.223762833486484
1954	65.41177802584262	6.2322139309472755
1955	65.40228215886046	6.240678846007885
1956	65.39278923608443	6.2491575887340005
1957	65.3832992620211	6.257650169191307
1958	65.37381224117703	6.266156597445488
1959	65.36432817805883	6.27467688356223
1960	65.35484707717303	6.283211037607218
1961	65.34536894302623	6.291759069646135
1962	65.33589378012496	6.300320989744669
1963	65.3264215929758	6.308896807968502
1964	65.31695238608535	6.31748653438332
1965	65.30748616396014	6.326090179054811
1966	65.29802293110677	6.334707752048654
1967	65.28856269203177	6.343339263430538
1968	65.27910545124173	6.351984723266149
1969	65.26965121324324	6.360644141621167
1970	65.26019998254282	6.369317528561282
1971	65.25075176364709	6.378004894152176
1972	65.24130656106257	6.386706248459535
1973	65.23186437929586	6.395421601549045
1974	65.22242522285352	6.404150963486388
1975	65.21298909624211	6.412894344337252
1976	65.20355600396823	6.421651754167323
1977	65.19412595053839	6.430423203042281
1978	65.18469894045921	6.439208701027814
1979	65.17527497823724	6.448008258189606
1980	65.16585406837908	6.456821884593344
1981	65.15643621539122	6.465649590304711
1982	65.1470214237803	6.474491385389393
1983	65.13760969805286	6.483347279913073
1984	65.12820104271547	6.492217283941439
1985	65.11879546227472	6.501101407540174
1986	65.10939296123715	6.509999660774964
1987	65.09999354410932	6.518912053711494
1988	65.09059721539784	6.527838596415447
1989	65.08120397960924	6.53677929895251
1990	65.07181384125012	6.545734171388366
1991	65.06242680482701	6.554703223788701
1992	65.05304287484651	6.563686466219202
1993	65.04366205581518	6.57268390874555
1994	65.03428435223958	6.581695561433434
1995	65.0249097686263	6.590721434348536
1996	65.01553830948188	6.599761537556542
1997	65.00616997931292	6.608815881123138
1998	64.99680478262594	6.617884475114009
1999	64.98744272392756	6.6269673295948355
2000	64.97808380772433	6.636064454631308
2001	64.9687280385228	6.6451758602891084
2002	64.95937542082956	6.654301556633923
2003	64.95002595915118	6.663441553731436
2004	64.9406796579942	6.672595861647333
2005	64.93133652186523	6.681764490447298
2006	64.92199655527081	6.690947450197018
2007	64.91265976271751	6.700144750962176
2008	64.9033261487119	6.7093564028084565
2009	64.89399571776056	6.718582415801547
2010	64.88466847437007	6.727822800007132
2011	64.87534442304695	6.737077565490893
2012	64.8660235682978	6.746346722318519
2013	64.85670591462919	6.7556302805556925
2014	64.84739146654769	6.764928250268099
2015	64.83808022855986	6.774240641521423
2016	64.82877220517227	6.783567464381353
2017	64.81946740089148	6.792908728913568
2018	64.81016582022407	6.8022644451837575
2019	64.80086746767661	6.811634623257606
2020	64.79157234775568	6.821019273200797
2021	64.78228046496781	6.830418405079017
2022	64.77299182381958	6.839832028957948
2023	64.76370642881758	6.849260154903279
2024	64.75442428446839	6.858702792980692
2025	64.74514539527854	6.868159953255872
2026	64.73586976575461	6.877631645794506
2027	64.72659740040316	6.887117880662276
2028	64.7173283037308	6.896618667924871
2029	64.70806248024404	6.906134017647973
2030	64.69879993444951	6.915663939897267
2031	64.68954067085372	6.9252084447384386
2032	64.68028469396327	6.934767542237175
2033	64.67103200828473	6.944341242459157
2034	64.66178261832466	6.953929555470073
2035	64.65253652858962	6.963532491335605
2036	64.6432937435862	6.973150060121439
2037	64.63405426782094	6.982782271893262
2038	64.62481810580043	6.992429136716757
2039	64.61558526203125	7.002090664657608
2040	64.60635574101993	7.011766865781502
2041	64.59712954727306	7.0214577501541235
2042	64.58790668529721	7.031163327841157
2043	64.57868715959896	7.04088360890829
2044	64.56947097468486	7.050618603421203
2045	64.56025813506147	7.0603683214455835
2046	64.55104864523537	7.070132773047115
2047	64.54184250971315	7.0799119682914835
2048	64.53263973300133	7.089705917244376
2049	64.52344031960654	7.099514629971473
2050	64.51424427403529	7.1093381165384635
2051	64.50505160079418	7.119176387011031
2052	64.49586230438976	7.1290294514548584
2053	64.48667638932862	7.138897319935635
2054	64.47749386011733	7.148780002519045
2055	64.46831472126243	7.158677509270768
2056	64.45913897727051	7.168589850256494
2057	64.44996663264814	7.178517035541907
2058	64.44079769190186	7.188459075192689
2059	64.4316321595383	7.198415979274531
2060	64.42247004006396	7.208387757853113
2061	64.41331133798542	7.21837442099412
2062	64.40415605780929	7.228375978763241
2063	64.3950042040421	7.238392441226157
2064	64.38585578119046	7.248423818448556
2065	64.37671079376088	7.258470120496121
2066	64.36756924625996	7.2685313574345365
2067	64.35843114319428	7.278607539329489
2068	64.34929648907038	7.288698676246661
2069	64.34016528839486	7.29880477825174
2070	64.33103754567426	7.30892585541041
2071	64.32191326541516	7.319061917788356
2072	64.31279245212413	7.329212975451263
