0.0	91.26453426177873	7.012431237823198
1.0	91.2663256867817	7.01127987176459
2.0	91.26811194717284	7.0101252465123265
3.0	91.26989304287642	7.0089673730178355
4.0	91.27166897381662	7.00780626222451
5.0	91.27343973991762	7.006641925067713
6.0	91.27520534110367	7.00547437247477
7.0	91.27696577729894	7.004303615364972
8.0	91.27872104842764	7.003129664649577
9.0	91.28047115441399	7.001952531231811
10.0	91.28221609518218	7.000772226006861
11.0	91.2839558706564	6.999588759861884
12.0	91.28569048076089	6.998402143676
13.0	91.28741992541983	6.997212388320299
14.0	91.28914420455743	6.9960195046578315
15.0	91.29086331809788	6.994823503543618
16.0	91.2925772659654	6.993624395824643
17.0	91.2942860480842	6.992422192339856
18.0	91.29598966437848	6.991216903920177
19.0	91.29768811477243	6.990008541388484
20.0	91.29938139919025	6.988797115559628
21.0	91.30106951755617	6.987582637240422
22.0	91.30275246979438	6.986365117229647
23.0	91.30443025582909	6.9851445663180485
24.0	91.30610287558449	6.983920995288338
25.0	91.3077703289848	6.982694414915192
26.0	91.30943261595422	6.981464835965258
27.0	91.31108973641695	6.98023226919714
28.0	91.31274169029719	6.978996725361418
29.0	91.31438847751916	6.9777582152006286
30.0	91.31603009800703	6.9765167494492815
31.0	91.31766655168505	6.975272338833849
32.0	91.3192978384774	6.97402499407277
33.0	91.32092395830828	6.972774725876448
34.0	91.3225449111019	6.9715215449472545
35.0	91.32416069678247	6.970265461979524
36.0	91.32577131527418	6.96900648765956
37.0	91.32737676650125	6.967744632665632
38.0	91.32897705038786	6.966479907667969
39.0	91.33057216685823	6.965212323328775
40.0	91.33216211583658	6.963941890302214
41.0	91.3337468972471	6.962668619234417
42.0	91.33532651101399	6.961392520763482
43.0	91.33690095706143	6.960113605519471
44.0	91.3384702353137	6.958831884124414
45.0	91.3400343456949	6.957547367192306
46.0	91.34159328812933	6.956260065329106
47.0	91.34314706254114	6.954969989132742
48.0	91.34469566885454	6.9536771491931075
49.0	91.34623910699374	6.952381556092058
50.0	91.34777737688296	6.951083220403419
51.0	91.34931047844637	6.94978215269298
52.0	91.35083841160821	6.948478363518499
53.0	91.35236117629265	6.947171863429694
54.0	91.35387877242393	6.945862662968255
55.0	91.3553911999262	6.944550772667836
56.0	91.35689845872372	6.943236203054054
57.0	91.35840054874069	6.941918964644496
58.0	91.35989746990127	6.940599067948712
59.0	91.36138922212972	6.939276523468219
60.0	91.36287580535019	6.9379513416965
61.0	91.36435721948693	6.936623533119004
62.0	91.3658334644641	6.935293108213145
63.0	91.36730454020595	6.933960077448303
64.0	91.36877044663665	6.932624451285824
65.0	91.37023118368042	6.931286240179021
66.0	91.37168675126145	6.929945454573171
67.0	91.37313714930397	6.928602104905519
68.0	91.37458237773215	6.927256201605272
69.0	91.37602243647024	6.925907755093608
70.0	91.37745732544238	6.924556775783668
71.0	91.37888704457283	6.923203274080558
72.0	91.38031159378578	6.921847260381352
73.0	91.38173097300542	6.9204887450750885
74.0	91.38314518215596	6.919127738542772
75.0	91.3845542211616	6.917764251157373
76.0	91.38595808994656	6.91639829328383
77.0	91.38735678843503	6.915029875279044
78.0	91.38875031655122	6.913659007491882
79.0	91.39013867421933	6.912285700263179
80.0	91.39152186136357	6.910909963925736
81.0	91.39289987790814	6.909531808804317
82.0	91.39427272377725	6.908151245215655
83.0	91.39564039889508	6.906768283468447
84.0	91.39700290318588	6.905382933863357
85.0	91.39836023657381	6.903995206693013
86.0	91.3997123989831	6.90260511224201
87.0	91.40105939033793	6.901212660786911
88.0	91.40240121056253	6.899817862596241
89.0	91.40373785958108	6.898420727930493
90.0	91.40506933731783	6.897021267042127
91.0	91.40639564369692	6.895619490175565
92.0	91.40771677864258	6.894215407567199
93.0	91.40903274207905	6.892809029445384
94.0	91.41034353393047	6.891400366030442
95.0	91.41164915412111	6.889989427534663
96.0	91.41294960257513	6.888576224162297
97.0	91.41424487921674	6.8871607661095675
98.0	91.41553498397015	6.885743063564657
99.0	91.41681991675956	6.884323126707718
100.0	91.41809967750919	6.882900965710868
101.0	91.41937426614322	6.881476590738189
102.0	91.42064368258588	6.880050011945731
103.0	91.42190792676135	6.878621239481507
104.0	91.42316699859384	6.8771902834855005
105.0	91.42442089800757	6.875757154089655
106.0	91.42566962492671	6.874321861417885
107.0	91.42691317927552	6.872884415586065
108.0	91.42815156097814	6.871444826702044
109.0	91.42938476995882	6.870003104865629
110.0	91.43061280614174	6.868559260168596
111.0	91.4318356694511	6.867113302694688
112.0	91.43305335981114	6.8656652425196105
113.0	91.43426587714603	6.864215089711037
114.0	91.43547322138	6.862762854328609
115.0	91.43667539243721	6.861308546423929
116.0	91.43787239024192	6.859852176040569
117.0	91.43906421471829	6.858393753214066
118.0	91.44025086579056	6.8569332879719225
119.0	91.44143234338289	6.855470790333605
120.0	91.44260864741953	6.854006270310552
121.0	91.44377977782464	6.8525397379061594
122.0	91.44494573452248	6.851071203115797
123.0	91.44610651743719	6.849600675926795
124.0	91.44726212649302	6.848128166318451
125.0	91.44841256161415	6.846653684262027
126.0	91.44955782272481	6.845177239720757
127.0	91.45069790974917	6.843698842649832
128.0	91.45183282261145	6.842218502996415
129.0	91.45296256123586	6.840736230699635
130.0	91.45408712554661	6.839252035690581
131.0	91.45520651546789	6.837765927892315
132.0	91.45632073092389	6.836277917219861
133.0	91.45742977183886	6.834788013580209
134.0	91.45853363813696	6.8332962268723145
135.0	91.45963232974242	6.831802566987102
136.0	91.46072584657941	6.8303070438074585
137.0	91.46181418857218	6.828809667208238
138.0	91.4628973556449	6.827310447056259
139.0	91.4639753477218	6.82580939321031
140.0	91.46504816472705	6.82430651552114
141.0	91.4661158065849	6.822801823831469
142.0	91.4671782732195	6.821295327975977
143.0	91.46823556455512	6.819787037781317
144.0	91.46928768051589	6.818276963066101
145.0	91.47033462102605	6.81676511364091
146.0	91.47137638600982	6.815251499308293
147.0	91.47241297539139	6.813736129862761
148.0	91.47344438909496	6.8122190150907915
149.0	91.47447062704472	6.810700164770831
150.0	91.47549168916493	6.809179588673289
151.0	91.47650757537971	6.80765729656054
152.0	91.47751828561334	6.806133298186928
153.0	91.47852381978998	6.80460760329876
154.0	91.47952417783385	6.80308022163431
155.0	91.48051935966916	6.801551162923815
156.0	91.48150936522009	6.800020436889484
157.0	91.48249419441086	6.798488053245486
158.0	91.48347384716568	6.7969540216979585
159.0	91.48444832340874	6.795418351945005
160.0	91.48541762306428	6.793881053676693
161.0	91.48638174605644	6.792342136575059
162.0	91.48734069230947	6.790801610314102
163.0	91.48829446174757	6.789259484559788
164.0	91.48924305429492	6.787715768970051
165.0	91.49018646987577	6.786170473194788
166.0	91.49112470841426	6.784623606875862
167.0	91.49205776983466	6.783075179647105
168.0	91.49298565406113	6.781525201134312
169.0	91.4939083610179	6.779973680955243
170.0	91.49482589062914	6.778420628719628
171.0	91.4957382428191	6.776866054029157
172.0	91.49664541751194	6.775309966477492
173.0	91.49754741463191	6.773752375650256
174.0	91.49844423410316	6.772193291125041
175.0	91.49933587584994	6.770632722471404
176.0	91.50022233979642	6.769070679250866
177.0	91.50110362586685	6.767507171016917
178.0	91.50197973398537	6.7659422073150095
179.0	91.50285066407623	6.7643757976825665
180.0	91.50371641606363	6.762807951648971
181.0	91.50457698987175	6.761238678735577
182.0	91.50543238542484	6.7596679884557
183.0	91.50628260264705	6.7580958903146255
184.0	91.50712764146262	6.756522393809602
185.0	91.50796750179573	6.754947508429846
186.0	91.50880218357062	6.753371243656538
187.0	91.50963168671144	6.751793608962823
188.0	91.51045601114245	6.750214613813817
189.0	91.51127515678782	6.748634267666597
190.0	91.51208912357177	6.74705257997021
191.0	91.51289791141849	6.745469560165662
192.0	91.5137015202522	6.743885217685933
193.0	91.51449994999707	6.7422995619559645
194.0	91.51529320057736	6.740712602392664
195.0	91.51608127191723	6.739124348404904
196.0	91.51686416394091	6.737534809393527
197.0	91.51764187657257	6.735943994751337
198.0	91.51841440973645	6.734351913863106
199.0	91.51918176335673	6.732758576105572
200.0	91.51994393735762	6.7311639908474366
201.0	91.52070093166334	6.7295681674493695
202.0	91.52145274619808	6.7279711152640065
203.0	91.52219938088605	6.7263728436359465
204.0	91.52294083565144	6.724773361901759
205.0	91.52367711041848	6.7231726793899735
206.0	91.52440820511133	6.721570805421091
207.0	91.52513411965424	6.719967749307575
208.0	91.5258548539714	6.718363520353854
209.0	91.52657040798701	6.716758127856325
210.0	91.52728078162527	6.715151581103351
211.0	91.52798597481038	6.713543889375257
212.0	91.52868598746656	6.711935061944338
213.0	91.52938081951801	6.710325108074856
214.0	91.53007047088892	6.708714037023031
215.0	91.53075494150352	6.707101858037059
216.0	91.53143423128598	6.705488580357093
217.0	91.53210834016053	6.703874213215259
218.0	91.53277726805138	6.702258765835644
219.0	91.5334410148827	6.700642247434303
220.0	91.53409958057874	6.699024667219256
221.0	91.53475296506366	6.69740603439049
222.0	91.53540116826169	6.695786358139958
223.0	91.53604419009702	6.694165647651576
224.0	91.53668203049386	6.692543912101228
225.0	91.53731468937643	6.690921160656766
226.0	91.53794216666891	6.689297402478002
227.0	91.53856446229551	6.68767264671672
228.0	91.53918157618045	6.686046902516668
229.0	91.53979350824791	6.684420179013557
230.0	91.54040025842211	6.682792485335067
231.0	91.54100182662724	6.681163830600844
232.0	91.54159821278753	6.679534223922496
233.0	91.54218941682716	6.677903674403602
234.0	91.54277543867033	6.676272191139703
235.0	91.54335627824128	6.674639783218309
236.0	91.54393193546416	6.673006459718893
237.0	91.54450241026322	6.671372229712896
238.0	91.54506770256265	6.669737102263722
239.0	91.54562781228665	6.668101086426744
240.0	91.54618273935942	6.6664641912493
241.0	91.54673248370518	6.664826425770693
242.0	91.54727704524812	6.663187799022193
243.0	91.54781642391247	6.661548320027035
244.0	91.54835061962238	6.659907997800419
245.0	91.5488796323021	6.658266841349513
246.0	91.54940346187581	6.65662485967345
247.0	91.54992210826774	6.654982061763326
248.0	91.55043557140206	6.65333845660221
249.0	91.55094385120302	6.651694053165129
250.0	91.55144694759477	6.650048860419081
251.0	91.55194486050156	6.648402887323027
252.0	91.55243758984756	6.646756142827895
253.0	91.55292513555699	6.64510863587658
254.0	91.55340749755406	6.64346037540394
255.0	91.55388467576296	6.641811370336803
256.0	91.55435667010792	6.640161629593957
257.0	91.55482348051311	6.6385111620861625
258.0	91.55528510690276	6.636859976716141
259.0	91.55574154920104	6.635208082378582
260.0	91.5561928073322	6.633555487960139
261.0	91.55663888122041	6.631902202339434
262.0	91.55707977078988	6.630248234387055
263.0	91.55751547596483	6.628593592965552
264.0	91.55794599666946	6.626938286929443
265.0	91.55837133282795	6.625282325125214
266.0	91.55879148436453	6.623625716391315
267.0	91.5592064512034	6.62196846955816
268.0	91.55961623326876	6.620310593448132
269.0	91.5600208304848	6.618652096875579
270.0	91.56042024277576	6.616992988646814
271.0	91.56081447006581	6.615333277560116
272.0	91.56120351227915	6.61367297240573
273.0	91.56158736934002	6.612012081965869
274.0	91.5619660411726	6.610350615014706
275.0	91.5623395277011	6.608688580318388
276.0	91.56270782884971	6.607025986635021
277.0	91.56307094454267	6.605362842714681
278.0	91.56342887470414	6.603699157299406
279.0	91.56378161925836	6.602034939123205
280.0	91.5641291781295	6.600370196912048
281.0	91.5644715512418	6.598704939383874
282.0	91.56480873851943	6.597039175248588
283.0	91.56514073988663	6.595372913208056
284.0	91.56546755526757	6.593706161956117
285.0	91.56578918458648	6.59203893017857
286.0	91.56610562776754	6.590371226553184
287.0	91.56641688473498	6.588703059749692
288.0	91.56672295541297	6.587034438429792
289.0	91.56702383972575	6.585365371247149
290.0	91.56731953759751	6.583695866847393
291.0	91.56761004895245	6.582025933868122
292.0	91.56789537371479	6.580355580938898
293.0	91.5681755118087	6.578684816681248
294.0	91.56845046315843	6.577013649708668
295.0	91.56872022768813	6.575342088626617
296.0	91.56898480532206	6.573670142032521
297.0	91.56924419598437	6.57199781851577
298.0	91.56949839959931	6.570325126657724
299.0	91.56974741609106	6.568652075031706
300.0	91.56999124538385	6.566978672203005
301.0	91.57022988740184	6.565304926728875
302.0	91.57046334206926	6.56363084715854
303.0	91.57069160931032	6.561956442033183
304.0	91.57091468904922	6.560281719885958
305.0	91.57113258121014	6.5586066892419845
306.0	91.57134528571731	6.556931358618347
307.0	91.57155280249494	6.555255736524096
308.0	91.57175513146721	6.5535798314602465
309.0	91.57195227255835	6.551903651919781
310.0	91.57214422569254	6.550227206387647
311.0	91.572330990794	6.548550503340759
312.0	91.57251256778692	6.546873551247996
313.0	91.57268895659553	6.5451963585702035
314.0	91.57286015714399	6.543518933760194
315.0	91.57302616935655	6.541841285262743
316.0	91.57318699315738	6.5401634215145945
317.0	91.57334262847073	6.538485350944457
318.0	91.57349307522074	6.536807081973005
319.0	91.57363833333166	6.535128623012881
320.0	91.57377840272767	6.533449982468689
321.0	91.573913283333	6.531771168737002
322.0	91.57404297507183	6.53009219020636
323.0	91.57416747786839	6.528413055257264
324.0	91.57428679164684	6.526733772262187
325.0	91.57440091633141	6.525054349585562
326.0	91.57450985184633	6.523374795583794
327.0	91.57461359811576	6.521695118605247
328.0	91.57471215506395	6.520015326990256
329.0	91.57480552261505	6.518335429071121
330.0	91.57489370069331	6.516655433172106
331.0	91.5749766892229	6.514975347609442
332.0	91.57505448812805	6.513295180691327
333.0	91.57512709733294	6.511614940717921
334.0	91.57519451676181	6.509934635981356
335.0	91.57525674633882	6.508254274765723
336.0	91.57531378598821	6.506573865347085
337.0	91.57536563563416	6.504893415993467
338.0	91.5754122952009	6.503212934964861
339.0	91.5754537646126	6.501532430513225
340.0	91.5754900437935	6.499851910882483
341.0	91.57552113266776	6.498171384308522
342.0	91.57554703115963	6.496490859019202
343.0	91.57556773919329	6.494810343234341
344.0	91.57558325669294	6.4931298451657256
345.0	91.57559358358282	6.491449373017112
346.0	91.57559871978707	6.489768934984217
347.0	91.57559866522996	6.488088539254724
348.0	91.57559341983564	6.486408194008287
349.0	91.57558298352836	6.48472790741652
350.0	91.57556735623228	6.483047687643006
351.0	91.57554653787166	6.481367542843293
352.0	91.57552052837063	6.479687481164895
353.0	91.57548932765347	6.478007510747291
354.0	91.57545293564434	6.47632763972193
355.0	91.57541135226745	6.474647876212219
356.0	91.57536457744699	6.4729682283335395
357.0	91.57531261110721	6.471288704193232
358.0	91.57525545317226	6.469609311890608
359.0	91.57519310356639	6.46793005951694
360.0	91.57512556221377	6.466250955155472
361.0	91.57505282903861	6.464572006881408
362.0	91.57497490396514	6.462893222761922
363.0	91.57489178691753	6.461214610856152
364.0	91.57480347782001	6.459536179215203
365.0	91.57470997659676	6.457857935882144
366.0	91.57461128317203	6.456179888892013
367.0	91.57450739746996	6.45450204627181
368.0	91.5743983194148	6.452824416040504
369.0	91.57428404893074	6.451147006209029
370.0	91.57416458594197	6.449469824780282
371.0	91.57403993037272	6.447792879749131
372.0	91.5739100821472	6.446116179102407
373.0	91.57377504118955	6.444439730818906
374.0	91.57363480742406	6.442763542869391
375.0	91.57348938077487	6.441087623216593
376.0	91.57333876116623	6.439411979815203
377.0	91.5731829485223	6.437736620611885
378.0	91.57302194276731	6.4360615535452625
379.0	91.57285574382547	6.43438678654593
380.0	91.57268435162098	6.432712327536445
381.0	91.57250776607803	6.431038184431332
382.0	91.57232598712082	6.4293643651370775
383.0	91.5721390146736	6.427690877552143
384.0	91.5719468486605	6.426017729566945
385.0	91.5717494890058	6.424344929063873
386.0	91.57154693563365	6.422672483917281
387.0	91.57133918846829	6.421000401993487
388.0	91.57112624743388	6.419328691150777
389.0	91.57090811245467	6.4176573592394
390.0	91.57068478345484	6.4159864141015746
391.0	91.5704562603586	6.414315863571483
392.0	91.57022254309014	6.412645715475273
393.0	91.5699836315737	6.410975977631059
394.0	91.56973952573344	6.409306657848922
395.0	91.56949022549361	6.407637763930907
396.0	91.56923573077837	6.405969303671027
397.0	91.56897604151195	6.404301284855259
398.0	91.56871115761854	6.402633715261546
399.0	91.56844107902235	6.4009666026598
400.0	91.56816580564761	6.399299954811893
401.0	91.56788533741847	6.397633779471668
402.0	91.56759967425918	6.395968084384933
403.0	91.56730881609393	6.394302877289459
404.0	91.56701276284693	6.392638165914985
405.0	91.56671151444235	6.390973957983217
406.0	91.56640507080444	6.389310261207824
407.0	91.56609343185737	6.387647083294444
408.0	91.56577659752537	6.3859844319406776
409.0	91.56545456773263	6.384322314836094
410.0	91.56512734240336	6.382660739662227
411.0	91.56479492146174	6.380999714092576
412.0	91.56445730483202	6.379339245792606
413.0	91.56411449243836	6.37767934241975
414.0	91.56376648420498	6.376020011623405
415.0	91.56341328005611	6.374361261044933
416.0	91.56305487991591	6.372703098317665
417.0	91.56269128370862	6.371045531066894
418.0	91.5623224913584	6.369388566909882
419.0	91.56194850278952	6.367732213455858
420.0	91.56156931792611	6.3660764783060095
421.0	91.56118493669246	6.364421369053499
422.0	91.56079535901267	6.362766893283448
423.0	91.56040058481103	6.361113058572949
424.0	91.56000061401171	6.3594598724910565
425.0	91.55959544653892	6.357807342598794
426.0	91.55918508231686	6.356155476449146
427.0	91.55876952126974	6.35450428158707
428.0	91.55834876332173	6.352853765549482
429.0	91.5579228083971	6.35120393586527
430.0	91.55749165642	6.349554800055282
431.0	91.55705530731466	6.347906365632339
432.0	91.55661376100525	6.3462586401012215
433.0	91.55616701741602	6.344611630958678
434.0	91.55571507647116	6.3429653456934245
435.0	91.55525793809485	6.34131979178614
436.0	91.55479560221133	6.339674976709472
437.0	91.55432806874478	6.338030907928032
438.0	91.55385533761941	6.336387592898399
439.0	91.55337740875942	6.334745039069115
440.0	91.55289428208903	6.333103253880692
441.0	91.55240595753241	6.331462244765604
442.0	91.5519124350138	6.329822019148293
443.0	91.55141371445738	6.328182584445166
444.0	91.55090979578739	6.326543948064597
445.0	91.55040067892799	6.324906117406925
446.0	91.5498863638034	6.323269099864454
447.0	91.54936685033782	6.321632902821456
448.0	91.54884213845548	6.319997533654166
449.0	91.54831222808055	6.318362999730788
450.0	91.54777711913725	6.316729308411491
451.0	91.5472368115498	6.315096467048407
452.0	91.54669130524236	6.313464482985637
453.0	91.54614060013918	6.3118333635592485
454.0	91.54558469616443	6.31020311609727
455.0	91.54502359324235	6.308573747919702
456.0	91.5444572912971	6.306945266338508
457.0	91.54388579025293	6.305317678657617
458.0	91.543309090034	6.303690992172923
459.0	91.54272719056455	6.302065214172288
460.0	91.54214009176876	6.300440351935538
461.0	91.54154779357086	6.2988164127344675
462.0	91.54095029589502	6.297193403832836
463.0	91.54034759866546	6.2955713324863645
464.0	91.53973970180638	6.293950205942746
465.0	91.53912660524202	6.292330031441637
466.0	91.53850830889652	6.290710816214657
467.0	91.53788481269414	6.289092567485399
468.0	91.53725611655905	6.287475292469412
469.0	91.53662222041547	6.285858998374217
470.0	91.53598312418761	6.284243692399301
471.0	91.53533882779963	6.282629381736114
472.0	91.53468933117581	6.2810160735680745
473.0	91.53403463424029	6.279403775070564
474.0	91.5333747369173	6.277792493410933
475.0	91.53270963913104	6.276182235748496
476.0	91.53203934080571	6.274573009234534
477.0	91.53136384186553	6.272964821012293
478.0	91.53068314223468	6.271357678216986
479.0	91.52999724183738	6.26975158797579
480.0	91.52930614059784	6.268146557407851
481.0	91.52860983844023	6.266542593624278
482.0	91.52790833528881	6.264939703728148
483.0	91.52720163106773	6.2633378948145015
484.0	91.52648972570123	6.261737173970347
485.0	91.5257726191135	6.260137548274656
486.0	91.52505031122872	6.258539024798372
487.0	91.52432280197115	6.256941610604396
488.0	91.52359009126494	6.255345312747601
489.0	91.52285217903434	6.253750138274824
490.0	91.52210906520351	6.252156094224867
491.0	91.5213607496967	6.2505631876285
492.0	91.52060723243805	6.248971425508456
493.0	91.51984851335185	6.2473808148794365
494.0	91.51908459236222	6.245791362748107
495.0	91.51831546939343	6.2442030761131
496.0	91.51754114436963	6.242615961965013
497.0	91.51676161721507	6.241030027286411
498.0	91.51597688785391	6.2394452790518224
499.0	91.5151869562104	6.237861724227743
500.0	91.51439182220871	6.236279369772635
501.0	91.51359148577306	6.234698222636925
502.0	91.51278594682765	6.233118289763006
503.0	91.5119752052967	6.231539578085236
504.0	91.51115926110437	6.229962094529943
505.0	91.51033811417489	6.2283858460154145
506.0	91.50951176443249	6.226810839451909
507.0	91.50868021180132	6.225237081741648
508.0	91.50784345620565	6.22366457977882
509.0	91.50700149756962	6.22209334044958
510.0	91.50615433581748	6.220523370632046
511.0	91.5053019708734	6.218954677196305
512.0	91.50444440266162	6.217387267004409
513.0	91.5035816311063	6.215821146910376
514.0	91.5027136561317	6.214256323760189
515.0	91.50184047766197	6.212692804391796
516.0	91.50096209562135	6.2111305956351135
517.0	91.50007850993401	6.209569704312024
518.0	91.4991897205242	6.208010137236371
519.0	91.49829572731608	6.20645190121397
520.0	91.49739653023389	6.204895003042598
521.0	91.49649212920178	6.203339449512
522.0	91.49558252414401	6.201785247403887
523.0	91.49466771498479	6.200232403491935
524.0	91.49374770164827	6.198680924541784
525.0	91.4928224840587	6.197130817311045
526.0	91.49189206214025	6.1955820885492905
527.0	91.49095643581717	6.194034744998059
528.0	91.49001560501361	6.192488793390859
529.0	91.48906956965381	6.190944240453158
530.0	91.48811832966196	6.189401092902396
531.0	91.48716188496228	6.187859357447974
532.0	91.48620023547893	6.186319040791264
533.0	91.48523338113618	6.184780149625598
534.0	91.48426132185818	6.183242690636277
535.0	91.48328405756916	6.181706670500569
536.0	91.48230158819331	6.1801720958877056
537.0	91.48131391365486	6.1786389734588845
538.0	91.48032103387797	6.177107309867271
539.0	91.4793229487869	6.1755771117579945
540.0	91.47831965830581	6.17404838576815
541.0	91.4773111623589	6.1725211385267995
542.0	91.47629746087041	6.170995376654972
543.0	91.47527855376453	6.169471106765659
544.0	91.47425444096545	6.16794833546382
545.0	91.4732251223974	6.1664270693463825
546.0	91.47219059798455	6.164907315002235
547.0	91.47115086765113	6.163389079012235
548.0	91.47010593132134	6.161872367949206
549.0	91.46905578891938	6.160357188377935
550.0	91.46800044036945	6.158843546855178
551.0	91.46693988559576	6.157331449929654
552.0	91.46587412452251	6.1558209041420495
553.0	91.46480315707392	6.1543119160250175
554.0	91.46372698317417	6.152804492103176
555.0	91.46264560274747	6.151298638893106
556.0	91.46155901571804	6.149794362903361
557.0	91.46046722201007	6.148291670634452
558.0	91.45937022154776	6.146790568578865
559.0	91.45826801425532	6.145291063221044
560.0	91.45716060005697	6.143793161037403
561.0	91.4560479788769	6.142296868496321
562.0	91.45493015063929	6.1408021920581435
563.0	91.45380711526839	6.13930913817518
564.0	91.45267887268837	6.137817713291707
565.0	91.45154542282344	6.136327923843966
566.0	91.45040676559782	6.134839776260168
567.0	91.44926290093571	6.133353276960484
568.0	91.4481138287613	6.131868432357058
569.0	91.4469595489988	6.13038524885399
570.0	91.44580006157241	6.128903732847357
571.0	91.44463536640636	6.1274238907251934
572.0	91.44346546342481	6.125945728867503
573.0	91.442290352552	6.1244692536462555
574.0	91.44111003371212	6.122994471425388
575.0	91.43992450682937	6.121521388560797
576.0	91.43873377182798	6.1200500114003535
577.0	91.43753782863212	6.118580346283887
578.0	91.43633667716601	6.117112399543197
579.0	91.43513031735385	6.11564617750205
580.0	91.43391874911985	6.114181686476174
581.0	91.43270197238822	6.112718932773266
582.0	91.43147998708314	6.111257922692988
583.0	91.43025279312883	6.109798662526966
584.0	91.4290203904495	6.108341158558797
585.0	91.42778277896933	6.106885417064038
586.0	91.42653995861257	6.105431444310215
587.0	91.42529192930337	6.10397924655682
588.0	91.42403869096597	6.102528830055309
589.0	91.42278024352456	6.101080201049106
590.0	91.42151658690335	6.0996333657736
591.0	91.42024772102653	6.098188330456145
592.0	91.41897364581833	6.096745101316061
593.0	91.41769436120292	6.095303684564636
594.0	91.41640986710453	6.09386408640512
595.0	91.41512016344737	6.092426313032735
596.0	91.41382525015563	6.090990370634661
597.0	91.41252512715351	6.089556265390051
598.0	91.41121979436521	6.088124003470019
599.0	91.40990925171496	6.086693591037647
600.0	91.40859349912694	6.085265034247982
601.0	91.40727253652537	6.083838339248038
602.0	91.40594636383443	6.082413512176794
603.0	91.40461498097835	6.080990559165195
604.0	91.40327838788131	6.079569486336151
605.0	91.40193658446755	6.078150299804541
606.0	91.40058957066124	6.076733005677205
607.0	91.3992373463866	6.075317610052955
608.0	91.39787991156783	6.073904119022561
609.0	91.39651726612914	6.072492538668767
610.0	91.3951494099947	6.071082875066276
611.0	91.39377634308876	6.069675134281763
612.0	91.39239806533551	6.0682693223738635
613.0	91.39101457665915	6.066865445393181
614.0	91.38962587698389	6.065463509382287
615.0	91.38823196623392	6.064063520375715
616.0	91.38683284433345	6.062665484399968
617.0	91.3854285112067	6.061269407473511
618.0	91.38401896677786	6.059875295606778
619.0	91.38260421097111	6.058483154802168
620.0	91.3811842437107	6.057092991054047
621.0	91.3797590649208	6.055704810348742
622.0	91.37832867452565	6.054318618664553
623.0	91.3768930724494	6.05293442197174
624.0	91.37545225861632	6.051552226232532
625.0	91.37400623295055	6.050172037401123
626.0	91.37255499537635	6.048793861423673
627.0	91.37109854581787	6.047417704238306
628.0	91.36963688419935	6.046043571775117
629.0	91.36817001044498	6.04467146995616
630.0	91.36669792447898	6.04330140469546
631.0	91.36522062622555	6.041933381899006
632.0	91.36373811560887	6.040567407464753
633.0	91.36225039255318	6.039203487282622
634.0	91.36075745698264	6.0378416272344975
635.0	91.3592593088215	6.036481833194236
636.0	91.35775594799394	6.035124111027654
637.0	91.35624737442417	6.033768466592535
638.0	91.35473358803638	6.03241490573863
639.0	91.35321458875481	6.031063434307655
640.0	91.35169037650361	6.029714058133293
641.0	91.35016095120704	6.028366783041189
642.0	91.34862631278926	6.02702161484896
643.0	91.34708646117451	6.025678559366182
644.0	91.34554139628696	6.024337622394403
645.0	91.34399111805084	6.022998809727134
646.0	91.34243562639033	6.02166212714985
647.0	91.34087492122966	6.020327580439996
648.0	91.33930900249302	6.018995175366979
649.0	91.33773787010462	6.0176649176921755
650.0	91.33616152398866	6.016336813168925
651.0	91.33457996406933	6.015010867542534
652.0	91.33299319027087	6.013687086550275
653.0	91.33140120251745	6.012365475921386
654.0	91.3298040007333	6.011046041377071
655.0	91.3282015848426	6.009728788630499
656.0	91.32659395476958	6.008413723386806
657.0	91.3249811104384	6.007100851343094
658.0	91.32336305177331	6.00579017818843
659.0	91.3217397786985	6.004481709603848
660.0	91.32011129113818	6.003175451262346
661.0	91.31847758901652	6.00187140882889
662.0	91.31683867225777	6.00056958796041
663.0	91.3151945407861	5.999269994305803
664.0	91.31354519452574	5.997972633505932
665.0	91.31189063340086	5.9966775111936235
666.0	91.3102308573357	5.995384632993675
667.0	91.30856586625445	5.994094004522843
668.0	91.30689566008131	5.9928056313898574
669.0	91.3052202387405	5.991519519195407
670.0	91.30353960215619	5.99023567353215
671.0	91.30185375025263	5.988954099984711
672.0	91.30016268295398	5.987674804129679
673.0	91.29846640018448	5.986397791535609
674.0	91.29676490186831	5.985123067763023
675.0	91.2950581879297	5.983850638364407
676.0	91.2933462582928	5.982580508884213
677.0	91.29162911288188	5.981312684858864
678.0	91.2899067516211	5.9800471718167385
679.0	91.28817917443469	5.9787839752781915
680.0	91.28644638124682	5.977523100755537
681.0	91.28470837198175	5.97626455375306
682.0	91.28296514656363	5.975008339767005
683.0	91.28121670491667	5.973754464285587
684.0	91.2794630469651	5.972502932788988
685.0	91.27770417263312	5.971253750749351
686.0	91.27594008184494	5.9700069236307876
687.0	91.27417077452472	5.968762456889378
688.0	91.27239625059671	5.967520355973161
689.0	91.2706165099851	5.966280626322149
690.0	91.2688315526141	5.965043273368316
691.0	91.2670413784079	5.963808302535603
692.0	91.26524598729071	5.962575719239916
693.0	91.26344537918673	5.961345528889128
694.0	91.26163955402018	5.960117736883077
695.0	91.25982851171524	5.958892348613567
696.0	91.25801225219614	5.9576693694643685
697.0	91.25619077538707	5.956448804811218
698.0	91.25436408121223	5.955230660021817
699.0	91.25253216959582	5.954014940455833
700.0	91.25069504046208	5.952801651464899
701.0	91.24885269373517	5.951590798392615
702.0	91.24700512933931	5.950382386574546
703.0	91.24515234719871	5.949176421338223
704.0	91.24329434723757	5.947972908003145
705.0	91.2414311293801	5.946771851880771
706.0	91.23956269355048	5.945573258274533
707.0	91.23768903967296	5.944377132479824
708.0	91.23581016767169	5.943183479784004
709.0	91.23392607747093	5.9419923054664014
710.0	91.23203676899482	5.940803614798306
711.0	91.23014224216762	5.939617413042977
712.0	91.2282424969135	5.938433705455639
713.0	91.22633753315668	5.937252497283479
714.0	91.22442735082136	5.936073793765655
715.0	91.22251194983176	5.934897600133288
716.0	91.22059133011204	5.933723921609465
717.0	91.21866549158646	5.932552763409239
718.0	91.21673443417917	5.931384130739629
719.0	91.21479815781441	5.930218028799621
720.0	91.2128566624164	5.929054462780165
721.0	91.21090994790929	5.927893437864176
722.0	91.20895801421733	5.92673495922654
723.0	91.20700086126469	5.9255790320341015
724.0	91.2050384889756	5.924425661445677
725.0	91.20307089727426	5.923274852612046
726.0	91.20109808608487	5.922126610675955
727.0	91.19912005533162	5.920980940772115
728.0	91.19713680493874	5.919837848027203
729.0	91.1951483348304	5.918697337559864
730.0	91.19315464493086	5.917559414480707
731.0	91.19115573516426	5.916424083892307
732.0	91.18915160545485	5.915291350889204
733.0	91.18714225572681	5.914161220557906
734.0	91.18512768590436	5.9130336979768865
735.0	91.18310789591168	5.911908788216583
736.0	91.181082885673	5.9107864963394
737.0	91.17905265511251	5.909666827399708
738.0	91.17701720415442	5.908549786443844
739.0	91.17497653272294	5.90743537851011
740.0	91.17293064074225	5.906323608628773
741.0	91.17087952813658	5.905214481822067
742.0	91.16882319483013	5.904108003104192
743.0	91.1667616407471	5.903004177481314
744.0	91.16469486581167	5.901903009951564
745.0	91.16262286994808	5.9008045055050395
746.0	91.16054565308052	5.899708669123802
747.0	91.1584632151332	5.898615505781883
748.0	91.15637555603031	5.897525020445276
749.0	91.15428267569607	5.896437218071942
750.0	91.15218457405466	5.895352103611807
751.0	91.15008125103033	5.8942696820067635
752.0	91.14797270654722	5.893189958190671
753.0	91.14585894052959	5.892112937089353
754.0	91.14373995290163	5.891038623620599
755.0	91.14161574358751	5.889967022694165
756.0	91.13948631251148	5.888898139211773
757.0	91.13735165959773	5.88783197806711
758.0	91.13521178477045	5.886768544145831
759.0	91.13306668795384	5.885707842325553
760.0	91.13091636907214	5.884649877475864
761.0	91.12876082804952	5.883594654458312
762.0	91.1266000648102	5.882542178126416
763.0	91.12443407927837	5.881492453325658
764.0	91.12226287137827	5.880445484893486
765.0	91.12008644103405	5.8794012776593165
766.0	91.11790478816995	5.878359836444527
767.0	91.11571791271017	5.877321166062466
768.0	91.1135258145789	5.876285271318444
769.0	91.11132849370036	5.875252157009742
770.0	91.10912594999876	5.874221827925599
771.0	91.10691818339826	5.873194288847228
772.0	91.10470519382311	5.872169544547804
773.0	91.10248698119752	5.871147599792467
774.0	91.10026354544564	5.870128459338326
775.0	91.09803488649173	5.869112127934453
776.0	91.09580100425997	5.868098610321887
777.0	91.09356189867457	5.867087911233634
778.0	91.09131756965972	5.8660800353946625
779.0	91.08906801713965	5.8650749875219095
780.0	91.08681324103853	5.864072772324279
781.0	91.0845532412806	5.863073394502639
782.0	91.08228801779002	5.862076858749822
783.0	91.08001757049105	5.861083169750629
784.0	91.07774189930785	5.860092332181827
785.0	91.07546100416465	5.859104350712145
786.0	91.07317488498562	5.858119230002282
787.0	91.07088354169501	5.857136974704901
788.0	91.06858697421698	5.856157589464633
789.0	91.06628518247578	5.855181078918071
790.0	91.06397816639557	5.854207447693777
791.0	91.06166592590057	5.853236700412277
792.0	91.059348460915	5.852268841686065
793.0	91.05702577136304	5.851303876119598
794.0	91.05469785716892	5.850341808309302
795.0	91.05236471825681	5.849382642843567
796.0	91.05002635455095	5.848426384302748
797.0	91.04768276597552	5.847473037259167
798.0	91.04533395245474	5.846522606277114
799.0	91.04297991391279	5.8455750959128405
800.0	91.04062065027391	5.844630510714568
801.0	91.03825616146226	5.843688855222481
802.0	91.03588644740209	5.84275013396873
803.0	91.03351150801757	5.841814351477432
804.0	91.03113134323291	5.840881512264673
805.0	91.02874595297233	5.839951620838498
806.0	91.02635533716003	5.839024681698925
807.0	91.02395949572019	5.838100699337933
808.0	91.02155842857704	5.837179678239469
809.0	91.01915213565478	5.836261622879444
810.0	91.0167406168776	5.835346537725738
811.0	91.01432387216973	5.834434427238194
812.0	91.01190190145535	5.833525295868623
813.0	91.00947470465867	5.8326191480607985
814.0	91.00704228170389	5.831715988250465
815.0	91.00460463251524	5.830815820865329
816.0	91.00216175701689	5.829918650325062
817.0	90.99971365513306	5.829024481041307
818.0	90.99726032678795	5.828133317417665
819.0	90.99480177190578	5.82724516384971
820.0	90.99233799041073	5.826360024724977
821.0	90.98986898222702	5.82547790442297
822.0	90.98739474727884	5.824598807315156
823.0	90.98491528549042	5.823722737764971
824.0	90.98243059678593	5.822849700127814
825.0	90.9799406810896	5.8219796987510515
826.0	90.97744553832563	5.8211127379740155
827.0	90.9749451684182	5.820248822128004
828.0	90.97243957129155	5.819387955536281
829.0	90.96992874686985	5.818530142514074
830.0	90.96741269507734	5.817675387368583
831.0	90.9648914158382	5.816823694398964
832.0	90.96236490907664	5.815975067896348
833.0	90.95983317471686	5.815129512143825
834.0	90.95729621268308	5.814287031416456
835.0	90.95475402289946	5.813447629981265
836.0	90.95220660529027	5.812611312097244
837.0	90.94965395977967	5.811778082015347
838.0	90.94709608629188	5.810947943978496
839.0	90.94453298475108	5.810120902221582
840.0	90.9419646550815	5.809296960971458
841.0	90.93939109720733	5.808476124446943
842.0	90.9368123110528	5.807658396858823
843.0	90.93422829654207	5.8068437824098496
844.0	90.93163905359937	5.806032285294741
845.0	90.92904458214892	5.80522390970018
846.0	90.9264448821149	5.804418659804815
847.0	90.92383995342152	5.803616539779263
848.0	90.92122979599297	5.802817553786102
849.0	90.9186144097535	5.802021705979882
850.0	90.91599379462725	5.801229000507114
851.0	90.91336795053849	5.800439441506276
852.0	90.91073687741135	5.799653033107813
853.0	90.90810057517011	5.798869779434135
854.0	90.90545904373892	5.798089684599619
855.0	90.90281228304201	5.797312752710606
856.0	90.90016029300357	5.796538987865404
857.0	90.89750307354782	5.795768394154286
858.0	90.89484062459894	5.795000975659492
859.0	90.89217294608117	5.794236736455229
860.0	90.88950003791868	5.793475680607665
861.0	90.8868219000357	5.79271781217494
862.0	90.8841385323564	5.791963135207155
863.0	90.88144993480502	5.79121165374638
864.0	90.87875610730575	5.790463371826649
865.0	90.87605704978277	5.789718293473964
866.0	90.87335276216034	5.788976422706289
867.0	90.87064324436261	5.788237763533559
868.0	90.86792849631382	5.787502319957667
869.0	90.86520851793816	5.786770095972484
870.0	90.86248330915983	5.786041095563835
871.0	90.85975286990303	5.785315322709518
872.0	90.85701720009199	5.784592781379294
873.0	90.85427629965088	5.7838734755348895
874.0	90.85153016850393	5.7831574091299975
875.0	90.84877880657531	5.782444586110279
876.0	90.84602221378928	5.7817350104133585
877.0	90.84326039006999	5.781028685968826
878.0	90.84049333534168	5.780325616698238
879.0	90.83772104952853	5.779625806515118
880.0	90.83494353255475	5.778929259324955
881.0	90.83216078434457	5.778235979025202
882.0	90.82937280482214	5.7775459695052795
883.0	90.82657959391173	5.776859234646573
884.0	90.82378115153749	5.776175778322436
885.0	90.82097747762366	5.775495604398185
886.0	90.81816857209441	5.7748187167311045
887.0	90.81535443487398	5.774145119170443
888.0	90.81253506588655	5.7734748155574165
889.0	90.80971046505634	5.772807809725205
890.0	90.80688063230753	5.772144105498958
891.0	90.80404556756434	5.771483706695786
892.0	90.80120527075098	5.770826617124769
893.0	90.79835974179166	5.770172840586952
894.0	90.79550898061053	5.769522380875343
895.0	90.79265298713189	5.768875241774921
896.0	90.78979176127984	5.768231427062628
897.0	90.78692530297867	5.767590940507371
898.0	90.78405361215252	5.766953785870024
899.0	90.78117668872562	5.766319966903428
900.0	90.77829453262221	5.765689487352388
901.0	90.77540714376643	5.7650623509536745
902.0	90.77251452208253	5.764438561436026
903.0	90.76961666749467	5.763818122520146
904.0	90.76671357992711	5.763201037918703
905.0	90.76380525930402	5.762587311336332
906.0	90.76089170554961	5.761976946469634
907.0	90.75797291858808	5.761369947007174
908.0	90.75504889834365	5.760766316629488
909.0	90.75211964474049	5.760166059009073
910.0	90.74918515770284	5.759569177810391
911.0	90.74624543715488	5.758975676689875
912.0	90.74330048302085	5.75838555929592
913.0	90.7403502952249	5.7577988292688875
914.0	90.73739487369129	5.757215490241106
915.0	90.73443421834416	5.756635545836867
916.0	90.73146832910777	5.756058999672433
917.0	90.72849720590631	5.755485855356028
918.0	90.72552084866396	5.754916116487842
919.0	90.72253925730497	5.754349786660034
920.0	90.7195524317535	5.753786869456725
921.0	90.71656037193378	5.753227368454005
922.0	90.71356307776999	5.752671287219927
923.0	90.71056054918637	5.752118629314514
924.0	90.70755278610707	5.75156939828975
925.0	90.70453978845636	5.7510235976895885
926.0	90.7015215561584	5.750481231049948
927.0	90.6984980891374	5.74994230189871
928.0	90.69546938731757	5.749406813755726
929.0	90.69243545062312	5.748874770132813
930.0	90.68939627897825	5.748346174533749
931.0	90.68635187230716	5.7478210304542845
932.0	90.68330223053404	5.747299341382131
933.0	90.68024735358313	5.7467811107969675
934.0	90.67718724137859	5.74626634217044
935.0	90.67412189384466	5.745755038966158
936.0	90.67105131090554	5.7452472046397
937.0	90.66797549248541	5.744742842638607
938.0	90.66489443850851	5.744241956402387
939.0	90.661808148899	5.743744549362516
940.0	90.65871662358113	5.743250624942433
941.0	90.65561986247907	5.742760186557543
942.0	90.65251786551704	5.742273237615219
943.0	90.64941063261924	5.7417897815147985
944.0	90.64629816370987	5.741309821647587
945.0	90.64318045871315	5.740833361396849
946.0	90.64005751755326	5.7403604041378244
947.0	90.63692934015441	5.739890953237712
948.0	90.63379592644083	5.739425012055678
949.0	90.63065727633669	5.7389625839428575
950.0	90.62751338976622	5.738503672242349
951.0	90.6243642666536	5.738048280289215
952.0	90.62120990692304	5.737596411410489
953.0	90.61805031049877	5.737148068925164
954.0	90.61488547730497	5.736703256144203
955.0	90.61171540726585	5.736261976370536
956.0	90.6085401003056	5.735824232899056
957.0	90.60535955634846	5.735390029016621
958.0	90.60217377531859	5.734959368002058
959.0	90.59898275714023	5.734532253126158
960.0	90.59578650173756	5.734108687651679
961.0	90.5925850090348	5.733688674833343
962.0	90.58937827895613	5.73327221791784
963.0	90.5861663114258	5.732859320143824
964.0	90.58294910636796	5.732449984741917
965.0	90.57972666370686	5.732044214934705
966.0	90.57649898336666	5.7316420139367406
967.0	90.57326606527161	5.731243384954541
968.0	90.57002790934588	5.730848331186591
969.0	90.56678451551369	5.730456855823342
970.0	90.56353588369923	5.730068962047209
971.0	90.56028201382672	5.729684653032573
972.0	90.55702290582036	5.729303931945783
973.0	90.55375855960435	5.72892680194515
974.0	90.5504889751029	5.728553266180956
975.0	90.5472141522402	5.728183327795445
976.0	90.54393409094048	5.727816989922829
977.0	90.54064879112791	5.727454255689283
978.0	90.53735825272673	5.7270951282129525
979.0	90.53406247566112	5.7267396106039445
980.0	90.53076145985528	5.726387705964333
981.0	90.52745520523344	5.72603941738816
982.0	90.52414371171977	5.72569474796143
983.0	90.5208269792385	5.725353700762116
984.0	90.51750500771385	5.7250162788601555
985.0	90.51417779706996	5.724682485317453
986.0	90.51084534723111	5.724352323187878
987.0	90.50750765812144	5.724025795517266
988.0	90.50416472966519	5.723702905343418
989.0	90.50081656178658	5.723383655696103
990.0	90.49746315440977	5.7230680495970505
991.0	90.494104507459	5.722756090059963
992.0	90.49074062085843	5.722447780090504
993.0	90.48737149453233	5.722143122686304
994.0	90.48399712840484	5.721842120836959
995.0	90.48061752240021	5.7215447775240325
996.0	90.47723267644261	5.721251095721053
997.0	90.47384259045627	5.720961078393514
998.0	90.47044726436536	5.720674728498875
999.0	90.46704669809414	5.720392048986564
1000.0	90.46364089156677	5.72011304279797
1001.0	90.46022984470746	5.719837712866451
1002.0	90.45681355744041	5.719566062117333
1003.0	90.45339202968987	5.719298093467902
1004.0	90.44996526137997	5.719033809827415
1005.0	90.44653325243496	5.718773214097093
1006.0	90.44309600277904	5.718516309170123
1007.0	90.43965351233642	5.718263097931658
1008.0	90.43620578103129	5.718013583258814
1009.0	90.43275280878784	5.717767768020678
1010.0	90.42929459553032	5.717525655078301
1011.0	90.42583114118288	5.7172872472846965
1012.0	90.42236244566978	5.717052547484849
1013.0	90.41888850891516	5.716821558515705
1014.0	90.41540933084329	5.71659428320618
1015.0	90.41192491137832	5.716370724377151
1016.0	90.40843525044448	5.716150884841465
1017.0	90.40494034796598	5.715934767403933
1018.0	90.40144020386701	5.715722374861333
1019.0	90.39793481807177	5.715513710002407
1020.0	90.3944241905045	5.715308775607864
1021.0	90.39090832108934	5.71510757445038
1022.0	90.38738720975056	5.714910109294594
1023.0	90.38386085641231	5.714716382897115
1024.0	90.38032926099883	5.714526398006512
1025.0	90.37679242343432	5.714340157363326
1026.0	90.37325034364297	5.71415766370006
1027.0	90.369703021549	5.7139789197411845
1028.0	90.3661504570766	5.713803928203134
1029.0	90.36259265014998	5.713632691794312
1030.0	90.35902960069333	5.713465213215085
1031.0	90.3554613086309	5.713301495157786
1032.0	90.35188777388683	5.713141540306716
1033.0	90.34830899638537	5.712985351338138
1034.0	90.3447249760507	5.7128329309202845
1035.0	90.34113571280704	5.712684281713351
1036.0	90.33754120657858	5.712539406369501
1037.0	90.33394145728955	5.712398307532863
1038.0	90.33033646486412	5.712260987839532
1039.0	90.32672622922652	5.712127449917568
1040.0	90.32311075030093	5.711997696386996
1041.0	90.31949002801157	5.711871729859809
1042.0	90.31586406228266	5.711749552939965
1043.0	90.31223285303837	5.711631168223388
1044.0	90.30859640020293	5.711516578297967
1045.0	90.30495470370052	5.711405785743558
1046.0	90.30130776345537	5.711298793131981
1047.0	90.29765557939166	5.711195603027024
1048.0	90.29399815143363	5.711096217984441
1049.0	90.29033547950544	5.71100064055195
1050.0	90.28666756353132	5.710908873269235
1051.0	90.28299440343547	5.710820918667947
1052.0	90.2793159991421	5.710736779271704
1053.0	90.27563235057539	5.7106564575960865
1054.0	90.27194345765957	5.710579956148644
1055.0	90.26824932031883	5.710507277428889
1056.0	90.2645499384774	5.710438423928304
1057.0	90.26084531205943	5.710373398130331
1058.0	90.25713544098919	5.710312202510385
1059.0	90.25342032519083	5.710254839535843
1060.0	90.24969996458857	5.7102013116660455
1061.0	90.24597435910664	5.710151621352306
1062.0	90.2422435086692	5.710105771037897
1063.0	90.2385074132005	5.710063763158059
1064.0	90.2347660726247	5.710025600140001
1065.0	90.23101948686605	5.709991284402895
1066.0	90.2272676558487	5.709960818357876
1067.0	90.2235105794969	5.709934204408054
1068.0	90.21974825773484	5.709911444948495
1069.0	90.21598069048673	5.709892542366237
1070.0	90.21220787767675	5.7098774990402825
1071.0	90.20842981922912	5.709866317341597
1072.0	90.20464651506805	5.709858999633117
1073.0	90.20085796511773	5.70985554826974
1074.0	90.19706416930238	5.709855965598333
1075.0	90.1932651275462	5.709860253957725
1076.0	90.18946083977337	5.709868415678716
1077.0	90.18565130590812	5.709880453084066
1078.0	90.18183652587467	5.709896368488506
1079.0	90.17801649959718	5.709916164198731
1080.0	90.1741912269999	5.7099398425134
1081.0	90.17036070800698	5.70996740572314
1082.0	90.16652494254268	5.709998856110543
1083.0	90.16268393053116	5.710034195950168
1084.0	90.15883767189666	5.710073427508538
1085.0	90.15498616656335	5.710116553044145
1086.0	90.15112941445547	5.710163574807442
1087.0	90.14726741549718	5.710214495040852
1088.0	90.14340016961273	5.7102693159787625
1089.0	90.13952767672629	5.710328039847527
1090.0	90.13564993676208	5.710390668865463
1091.0	90.1317669496443	5.710457205242857
1092.0	90.12787871529717	5.710527651181962
1093.0	90.12398523364486	5.7106020088769895
1094.0	90.1200865046116	5.7106802805141275
1095.0	90.11618252812158	5.71076246827152
1096.0	90.11227330409902	5.710848574319284
1097.0	90.10835883246811	5.7109386008194996
1098.0	90.10443911315306	5.7110325499262125
1099.0	90.10051414607808	5.711130423785434
1100.0	90.09658393116736	5.711232224535143
1101.0	90.09264846834512	5.711337954305282
1102.0	90.08870775753554	5.711447615217762
1103.0	90.08476179866287	5.711561209386457
1104.0	90.08081059165126	5.711678738917208
1105.0	90.07685413642494	5.711800205907824
1106.0	90.0728924329081	5.711925612448076
1107.0	90.06892548102499	5.712054960619704
1108.0	90.06495328069975	5.712188252496412
1109.0	90.06097583185664	5.712325490143871
1110.0	90.05699313441981	5.712466675619717
1111.0	90.0530051883135	5.712611810973552
1112.0	90.04901199346192	5.712760898246945
1113.0	90.04501354978925	5.712913939473429
1114.0	90.0410098572197	5.713070936678505
1115.0	90.03700091567748	5.713231891879637
1116.0	90.0329867250868	5.7133968070862595
1117.0	90.02896728537185	5.713565684299766
1118.0	90.02494259645685	5.713738525513524
1119.0	90.02091265826598	5.713915332712858
1120.0	90.01687747072347	5.714096107875067
1121.0	90.01283703375351	5.714280852969409
1122.0	90.00879134728031	5.714469569957114
1123.0	90.00474041122806	5.714662260791371
1124.0	90.000684225521	5.714858927417341
1125.0	89.99662279008328	5.715059571772146
1126.0	89.99255610483915	5.715264195784879
1127.0	89.98848416971278	5.7154728013765945
1128.0	89.98440698462841	5.715685390460314
1129.0	89.98032454951021	5.715901964941025
1130.0	89.97623686428241	5.716122526715684
1131.0	89.9721439288692	5.716347077673206
1132.0	89.96804574319478	5.7165756196944795
1133.0	89.96394230718339	5.716808154652355
1134.0	89.95983362075917	5.717044684411649
1135.0	89.95571968384638	5.717285210829145
1136.0	89.9516004963692	5.717529735753592
1137.0	89.94747605825184	5.717778261025703
1138.0	89.94334636941849	5.71803078847816
1139.0	89.93921142979337	5.718287319935609
1140.0	89.93507123930068	5.718547857214663
1141.0	89.93092579786465	5.718812402123898
1142.0	89.92677510540942	5.719080956463861
1143.0	89.92261916185926	5.719353522027059
1144.0	89.91845796713832	5.719630100597969
1145.0	89.91429152117085	5.7199106939530315
1146.0	89.91011982388103	5.720195303860655
1147.0	89.90594287519308	5.720483932081212
1148.0	89.90176067503117	5.720776580367043
1149.0	89.89757322331953	5.721073250462451
1150.0	89.89338051998237	5.721373944103707
1151.0	89.88918256494387	5.72167866301905
1152.0	89.88497935812826	5.72198740892868
1153.0	89.88077089945973	5.7223001835447675
1154.0	89.87655718886249	5.722616988571444
1155.0	89.87233822626074	5.722937825704811
1156.0	89.8681140115787	5.723262696632936
1157.0	89.86388454474053	5.72359160303585
1158.0	89.85964982567049	5.723924546585549
1159.0	89.85540985429273	5.724261528945998
1160.0	89.8511646305315	5.724602551773127
1161.0	89.84691415431098	5.7249476167148305
1162.0	89.84265842555538	5.725296725410969
1163.0	89.8383974441889	5.72564987949337
1164.0	89.83413121013575	5.726007080585827
1165.0	89.82985972332013	5.726368330304099
1166.0	89.82558298366625	5.726733630255909
1167.0	89.8213009910983	5.7271029820409485
1168.0	89.81701374554049	5.727476387250874
1169.0	89.81272124691705	5.727853847469308
1170.0	89.80842349515214	5.728235364271836
1171.0	89.80412049017	5.7286209392260155
1172.0	89.7998122318948	5.729010573891363
1173.0	89.79549872025079	5.729404269819367
1174.0	89.79117995516214	5.729802028553476
1175.0	89.78685593655307	5.730203851629111
1176.0	89.78252666434776	5.730609740573652
1177.0	89.77819213847043	5.731019696906449
1178.0	89.77385235884529	5.731433722138818
1179.0	89.76950732539653	5.7318518177740385
1180.0	89.76515703804837	5.732273985307357
1181.0	89.76080149672501	5.732700226225987
1182.0	89.75644070135064	5.733130542009106
1183.0	89.7520746518495	5.733564934127859
1184.0	89.74770334814573	5.734003404045356
1185.0	89.7433267901636	5.734445953216673
1186.0	89.73894497782727	5.73489258308885
1187.0	89.73455791106096	5.735343295100897
1188.0	89.7301655897889	5.7357980906837875
1189.0	89.72576801393525	5.73625697126046
1190.0	89.72136518342424	5.736719938245818
1191.0	89.71695709818006	5.737186993046735
1192.0	89.71254375812693	5.7376581370620485
1193.0	89.70812516318902	5.738133371682559
1194.0	89.7037013132906	5.738612698291036
1195.0	89.6992722083558	5.739096118262216
1196.0	89.69483784830888	5.7395836329627965
1197.0	89.69039823307399	5.740075243751447
1198.0	89.6859533625754	5.740570951978796
1199.0	89.68150323673726	5.741070758987444
1200.0	89.6770478554838	5.741574666111954
1201.0	89.67258721873921	5.742082674678855
1202.0	89.6681213264277	5.742594786006644
1203.0	89.66365017847349	5.743111001405782
1204.0	89.65917377480075	5.743631322178697
1205.0	89.65469211533373	5.744155749619779
1206.0	89.65020519999659	5.74468428501539
1207.0	89.64571302871356	5.745216929643856
1208.0	89.64121560140883	5.7457536847754636
1209.0	89.63671291800661	5.746294551672473
1210.0	89.6322049784311	5.746839531589106
1211.0	89.62769178260653	5.747388625771549
1212.0	89.62317333045706	5.747941835457958
1213.0	89.61864962190693	5.748499161878452
1214.0	89.61412065688032	5.749060606255117
1215.0	89.60958643530145	5.7496261698020055
1216.0	89.60504695709452	5.7501958537251365
1217.0	89.60050222218372	5.75076965922249
1218.0	89.59595223049327	5.751347587484018
1219.0	89.59139698194738	5.7519296396916335
1220.0	89.58683647647024	5.75251581701922
1221.0	89.58227071398605	5.753106120632623
1222.0	89.57769969441904	5.753700551689657
1223.0	89.57312341769338	5.754299111340098
1224.0	89.56854188373332	5.754901800725692
1225.0	89.563955092463	5.755508620980149
1226.0	89.55936304380668	5.756119573229144
1227.0	89.55476573768853	5.7567346585903225
1228.0	89.55016317403279	5.757353878173291
1229.0	89.54555535276361	5.75797723307962
1230.0	89.54094227380526	5.758604724402854
1231.0	89.53632393708187	5.759236353228495
1232.0	89.53170034251771	5.759872120634017
1233.0	89.52707149003695	5.760512027688856
1234.0	89.52243737956381	5.761156075454414
1235.0	89.51779801102246	5.761804264984063
1236.0	89.51315338433717	5.762456597323134
1237.0	89.50850349943207	5.763113073508931
1238.0	89.5038483562314	5.76377369457072
1239.0	89.49918795465938	5.764438461529731
1240.0	89.49452229464018	5.765107375399165
1241.0	89.48985137609803	5.765780437184184
1242.0	89.48517519895712	5.7664576478819205
1243.0	89.48049376314167	5.767139008481467
1244.0	89.47580706857585	5.767824519963889
1245.0	89.4711151151839	5.768514183302212
1246.0	89.46641790289	5.769207999461429
1247.0	89.46171543161839	5.769905969398501
1248.0	89.45700770129322	5.770608094062352
1249.0	89.45229471183875	5.771314374393873
1250.0	89.44757646317912	5.77202481132592
1251.0	89.4428529552386	5.772739405783318
1252.0	89.43812418794136	5.773458158682855
1253.0	89.4333901612116	5.774181070933283
1254.0	89.42865087497353	5.774908143435326
1255.0	89.42390632915136	5.775639377081668
1256.0	89.4191565236693	5.77637477275696
1257.0	89.41440145845152	5.777114331337822
1258.0	89.40964113342228	5.77785805369284
1259.0	89.40487554850573	5.778605940682557
1260.0	89.40010470362611	5.779357993159494
1261.0	89.39532859870761	5.78011421196813
1262.0	89.39054723367444	5.780874597944914
1263.0	89.3857606084508	5.781639151918257
1264.0	89.38096872296089	5.7824078747085395
1265.0	89.3761715771289	5.783180767128105
1266.0	89.37136917087908	5.783957829981264
1267.0	89.36656150413557	5.784739064064295
1268.0	89.36174857682265	5.78552447016544
1269.0	89.35693038886446	5.786314049064905
1270.0	89.35210694018524	5.787107801534866
1271.0	89.34727823070915	5.787905728339462
1272.0	89.34244426036047	5.7887078302348005
1273.0	89.33760502906333	5.789514107968951
1274.0	89.33276053674196	5.790324562281952
1275.0	89.32791078332059	5.791139193905807
1276.0	89.32305576872339	5.791958003564487
1277.0	89.31819549287458	5.792780991973922
1278.0	89.31332995569835	5.793608159842018
1279.0	89.30845915711893	5.79443950786864
1280.0	89.3035830970605	5.795275036745621
1281.0	89.29870177544728	5.796114747156759
1282.0	89.29381519220345	5.796958639777819
1283.0	89.28892334725326	5.797806715276533
1284.0	89.28402624052086	5.798658974312593
1285.0	89.27912387193048	5.7995154175376635
1286.0	89.27421624140632	5.800376045595373
1287.0	89.26930334887261	5.801240859121313
1288.0	89.2643851942535	5.802109858743046
1289.0	89.25946177747325	5.802983045080095
1290.0	89.25453309845602	5.8038604187439535
1291.0	89.24959915712606	5.804741980338076
1292.0	89.2446599534075	5.805627730457887
1293.0	89.23971548722463	5.806517669690777
1294.0	89.23476575850161	5.807411798616097
1295.0	89.22981076716263	5.808310117805171
1296.0	89.22485051313194	5.8092126278212834
1297.0	89.21988499633369	5.810119329219687
1298.0	89.21491421669214	5.8110302225476005
1299.0	89.20993817413144	5.81194530834421
1300.0	89.20495686857583	5.812864587140661
1301.0	89.1999702999495	5.813788059460071
1302.0	89.19497846817667	5.814715725817523
1303.0	89.18998137318152	5.815647586720064
1304.0	89.18497901488827	5.816583642666706
1305.0	89.17997139322111	5.81752389414843
1306.0	89.17495850810427	5.818468341648179
1307.0	89.16994035946193	5.819416985640867
1308.0	89.1649169472183	5.820369826593367
1309.0	89.15988827129759	5.821326864964526
1310.0	89.154854331624	5.8222881012051495
1311.0	89.14981512812173	5.8232535357580115
1312.0	89.14477066071498	5.824223169057854
1313.0	89.13972092932798	5.825197001531381
1314.0	89.1346659338849	5.826175033597268
1315.0	89.12960567430999	5.82715726566615
1316.0	89.1245401505274	5.8281436981406305
1317.0	89.11946936246136	5.829134331415282
1318.0	89.11439331003606	5.830129165876636
1319.0	89.10931199317575	5.831128201903196
1320.0	89.10422541180458	5.83213143986543
1321.0	89.09913356584677	5.833138880125768
1322.0	89.09403645522653	5.834150523038612
1323.0	89.08893407986808	5.835166368950324
1324.0	89.08382643969559	5.836186418199237
1325.0	89.0787135346333	5.8372106711156455
1326.0	89.07359536460537	5.838239128021812
1327.0	89.06847192953605	5.839271789231968
1328.0	89.0633432293495	5.8403086550523025
1329.0	89.05820926396996	5.841349725780979
1330.0	89.05307003332163	5.842395001708121
1331.0	89.0479255373287	5.843444483115821
1332.0	89.04277577591537	5.844498170278136
1333.0	89.03762074900585	5.845556063461091
1334.0	89.03246045652438	5.846618162922673
1335.0	89.0272948983951	5.847684468912838
1336.0	89.02212407454226	5.848754981673508
1337.0	89.01694798489004	5.849829701438568
1338.0	89.01176662936265	5.850908628433872
1339.0	89.00658000788431	5.851991762877237
1340.0	89.00138812037922	5.853079104978447
1341.0	88.99619096677155	5.854170654939255
1342.0	88.99098854698555	5.855266412953375
1343.0	88.9857808609454	5.856366379206489
1344.0	88.98056790857531	5.8574705538762455
1345.0	88.97534968979947	5.858578937132257
1346.0	88.9701262045421	5.859691529136104
1347.0	88.96489745272741	5.8608083300413325
1348.0	88.95966343427958	5.861929339993452
1349.0	88.95442414912284	5.863054559129941
1350.0	88.94917959718138	5.86418398758024
1351.0	88.94392977837941	5.865317625465762
1352.0	88.93867469264113	5.866455472899879
1353.0	88.93341433989075	5.867597529987931
1354.0	88.92814872005245	5.868743796827225
1355.0	88.92287783305048	5.869894273507035
1356.0	88.91760167880898	5.871048960108597
1357.0	88.91232025725222	5.872207856705115
1358.0	88.90703356830436	5.87337096336176
1359.0	88.90174161188963	5.874538280135667
1360.0	88.89644438793222	5.875709807075938
1361.0	88.89114189635634	5.87688554422364
1362.0	88.88583413708618	5.878065491611807
1363.0	88.88052111004598	5.879249649265436
1364.0	88.87520281515988	5.880438017201494
1365.0	88.86987925235213	5.881630595428913
1366.0	88.86455042154697	5.8828273839485865
1367.0	88.85921632266852	5.884028382753379
1368.0	88.85387695564104	5.8852335918281184
1369.0	88.84853232038871	5.8864430111496
1370.0	88.84318241683576	5.887656640686584
1371.0	88.83782724490636	5.888874480399794
1372.0	88.83246680452476	5.890096530241924
1373.0	88.8271010956151	5.891322790157631
1374.0	88.82173011810166	5.892553260083538
1375.0	88.81635387190856	5.893787939948238
1376.0	88.81097235696008	5.895026829672282
1377.0	88.80558557318038	5.896269929168192
1378.0	88.80019352049368	5.897517238340457
1379.0	88.79479619882417	5.898768757085529
1380.0	88.78939360809608	5.900024485291826
1381.0	88.78398574823359	5.901284422839733
1382.0	88.7785726191609	5.902548569601602
1383.0	88.77315422080225	5.903816925441747
1384.0	88.7677305530818	5.905089490216451
1385.0	88.76230161592379	5.906366263773964
1386.0	88.75686740925241	5.907647245954496
1387.0	88.75142793299186	5.90893243659023
1388.0	88.74598318706633	5.910221835505311
1389.0	88.74053317140006	5.911515442515849
1390.0	88.73507788591722	5.912813257429924
1391.0	88.72961733054204	5.914115280047578
1392.0	88.7241515051987	5.915421510160819
1393.0	88.71868040981144	5.9167319475536235
1394.0	88.71320404430442	5.9180465920019305
1395.0	88.70772240860188	5.91936544327365
1396.0	88.702235502628	5.92068850112865
1397.0	88.696743326307	5.922015765318774
1398.0	88.69124587956307	5.923347235587821
1399.0	88.68574316232043	5.924682911671565
1400.0	88.68023517450327	5.926022793297741
1401.0	88.6747219160358	5.9273668801860495
1402.0	88.66920338684221	5.928715172048159
1403.0	88.66367958684673	5.9300676685877045
1404.0	88.65815051597356	5.9314243695002835
1405.0	88.65261617414689	5.932785274473463
1406.0	88.64707656129093	5.934150383186773
1407.0	88.64153167732988	5.935519695311709
1408.0	88.63598152218795	5.9368932105117365
1409.0	88.63042609578933	5.938270928442283
1410.0	88.62486539805826	5.939652848750744
1411.0	88.61929942891891	5.9410389710764795
1412.0	88.6137281882955	5.9424292950508155
1413.0	88.6081516761122	5.943823820297043
1414.0	88.60256989229327	5.945222546430422
1415.0	88.59698283676288	5.946625473058175
1416.0	88.59139050944525	5.948032599779494
1417.0	88.58579291026454	5.949443926185532
1418.0	88.58019003914502	5.950859451859412
1419.0	88.57458189601086	5.952279176376221
1420.0	88.56896848078625	5.953703099303011
1421.0	88.56334979339543	5.955131220198804
1422.0	88.55772583376258	5.956563538614581
1423.0	88.55209660181191	5.958000054093295
1424.0	88.54646209746761	5.959440766169863
1425.0	88.54082232065392	5.960885674371168
1426.0	88.535177271295	5.962334778216057
1427.0	88.52952694931508	5.9637880772153435
1428.0	88.52387135463836	5.965245570871809
1429.0	88.51821048718905	5.966707258680199
1430.0	88.51254434689133	5.9681731401272256
1431.0	88.50687293366944	5.969643214691566
1432.0	88.50119624744755	5.971117481843864
1433.0	88.4955142881499	5.972595941046728
1434.0	88.48982705570066	5.9740785917547345
1435.0	88.48413455002404	5.975565433414425
1436.0	88.47843677104426	5.977056465464306
1437.0	88.4727337186855	5.978551687334849
1438.0	88.46702539287202	5.980051098448495
1439.0	88.46131179352794	5.981554698219646
1440.0	88.45559292057754	5.983062486054673
1441.0	88.44986877394497	5.984574461351915
1442.0	88.44413935355448	5.9860906235016715
1443.0	88.43840465933022	5.987610971886211
1444.0	88.43266469119645	5.9891355058797675
1445.0	88.42691944907733	5.9906642248485396
1446.0	88.4211689328971	5.992197128150694
1447.0	88.41541314257992	5.993734215136363
1448.0	88.40965207805006	5.995275485147643
1449.0	88.40388573923164	5.996820937518596
1450.0	88.39811412604894	5.998370571575252
1451.0	88.39233723842612	5.999924386635608
1452.0	88.38655507628741	6.0014823820096215
1453.0	88.38076763955698	6.003044556999219
1454.0	88.37497492815905	6.004610910898297
1455.0	88.36917694201784	6.006181442992709
1456.0	88.36337368105755	6.007756152560281
1457.0	88.35756514520237	6.0093350388708044
1458.0	88.35175133437652	6.010918101186034
1459.0	88.34593224850418	6.0125053387596905
1460.0	88.34010788750957	6.014096750837464
1461.0	88.33427825131692	6.015692336657005
1462.0	88.32844333985038	6.017292095447935
1463.0	88.3226031530342	6.01889602643184
1464.0	88.31675769079254	6.020504128822267
1465.0	88.31090695304965	6.0221164018247375
1466.0	88.3050509397297	6.023732844636732
1467.0	88.29918965075692	6.0253534564477
1468.0	88.2933230860555	6.026978236439055
1469.0	88.28745124554963	6.028607183784178
1470.0	88.28157412916354	6.030240297648414
1471.0	88.27569173682141	6.031877577189077
1472.0	88.26980406844748	6.033519021555445
1473.0	88.26391112396593	6.03516462988876
1474.0	88.25801290330097	6.036814401322232
1475.0	88.25210940637677	6.0384683349810375
1476.0	88.2462006331176	6.040126429982319
1477.0	88.2402865834476	6.041788685435181
1478.0	88.23436725729103	6.043455100440699
1479.0	88.22844265457204	6.04512567409191
1480.0	88.22251277521487	6.046800405473819
1481.0	88.2165776191437	6.048479293663399
1482.0	88.21063718628278	6.050162337729585
1483.0	88.20469147655626	6.051849536733278
1484.0	88.19874048988838	6.053540889727348
1485.0	88.19278422620332	6.055236395756628
1486.0	88.1868226854253	6.056936053857921
1487.0	88.18085586747851	6.058639863059989
1488.0	88.17488377228717	6.060347822383566
1489.0	88.16890639977547	6.062059930841349
1490.0	88.16292374986762	6.063776187438001
1491.0	88.15693582248784	6.065496591170151
1492.0	88.1509426175603	6.067221141026396
1493.0	88.14494413500924	6.068949835987296
1494.0	88.13894037475883	6.070682675025377
1495.0	88.13293133673331	6.072419657105133
1496.0	88.12691702085685	6.074160781183021
1497.0	88.12089742705369	6.075906046207468
1498.0	88.11487255524798	6.077655451118862
1499.0	88.10884240536399	6.079408994849561
1500.0	88.10280697732587	6.081166676323885
1501.0	88.09676627105786	6.082928494458122
1502.0	88.09072028648414	6.084694448160529
1503.0	88.08466902352893	6.086464536331323
1504.0	88.07861248211641	6.0882387578626895
1505.0	88.07255066217083	6.0900171116387805
1506.0	88.06648356361634	6.0917995965357115
1507.0	88.06041118637718	6.09358621142157
1508.0	88.05433353037755	6.0953769551564
1509.0	88.04825059554165	6.097171826592219
1510.0	88.04216238179367	6.098970824573005
1511.0	88.03606888905783	6.100773947934707
1512.0	88.02997011725833	6.1025811955052385
1513.0	88.02386606631937	6.104392566104475
1514.0	88.01775673616518	6.106208058544262
1515.0	88.01164212671992	6.108027671628409
1516.0	88.00552223790783	6.109851404152691
1517.0	87.99939706965309	6.111679254904852
1518.0	87.99326662187993	6.113511222664598
1519.0	87.9871308945125	6.115347306203602
1520.0	87.98098988747509	6.1171875042855035
1521.0	87.97484360069183	6.119031815665907
1522.0	87.96869203408696	6.1208802390923855
1523.0	87.96253518758466	6.122732773304474
1524.0	87.95637306110916	6.124589417033678
1525.0	87.95020565458465	6.126450169003463
1526.0	87.94403296793534	6.128315027929262
1527.0	87.93785500108544	6.1301839925184805
1528.0	87.93167175395912	6.132057061470482
1529.0	87.92548322648064	6.133934233476596
1530.0	87.91928941857415	6.135815507220124
1531.0	87.9130903301639	6.137700881376328
1532.0	87.90688596117404	6.139590354612439
1533.0	87.90067631152883	6.141483925587652
1534.0	87.89446138115244	6.1433815929531255
1535.0	87.88824116996909	6.14528335535199
1536.0	87.88201567790297	6.147189211419337
1537.0	87.8757849048783	6.149099159782225
1538.0	87.86954885081926	6.151013199059682
1539.0	87.86330751565009	6.152931327862696
1540.0	87.85706089929496	6.154853544794222
1541.0	87.8508090016781	6.156779848449186
1542.0	87.84455182272369	6.158710237414471
1543.0	87.83828936235594	6.160644710268937
1544.0	87.83202162049908	6.1625832655834
1545.0	87.82574859707728	6.164525901920648
1546.0	87.81947029201476	6.1664726178354305
1547.0	87.81318670523572	6.168423411874467
1548.0	87.80689783666438	6.170378282576439
1549.0	87.80060368622492	6.1723372284719975
1550.0	87.79430425384156	6.174300248083757
1551.0	87.78799953943849	6.176267339926296
1552.0	87.78168954293993	6.178238502506165
1553.0	87.77537426427007	6.1802137343218755
1554.0	87.76905370335312	6.182193033863905
1555.0	87.76272786011329	6.1841763996146994
1556.0	87.75639673447478	6.1861638300486685
1557.0	87.75006032636179	6.188155323632186
1558.0	87.74371863569853	6.190150878823596
1559.0	87.73737166240919	6.192150494073208
1560.0	87.731019406418	6.194154167823292
1561.0	87.72466186764913	6.196161898508091
1562.0	87.71829904602681	6.198173684553806
1563.0	87.71193094147526	6.200189524378614
1564.0	87.70555755391864	6.20220941639265
1565.0	87.69917888328118	6.204233358998015
1566.0	87.69279492948706	6.206261350588777
1567.0	87.68640569246054	6.208293389550974
1568.0	87.68001117212576	6.210329474262606
1569.0	87.67361136840697	6.212369603093638
1570.0	87.66720628122835	6.214413774406003
1571.0	87.66079591051411	6.2164619865536
1572.0	87.65438025618845	6.218514237882291
1573.0	87.64795931817558	6.220570526729907
1574.0	87.64153309639968	6.222630851426246
1575.0	87.63510159078501	6.224695210293065
1576.0	87.62866480125572	6.226763601644095
1577.0	87.62222272773604	6.228836023785027
1578.0	87.61577537015017	6.230912475013523
1579.0	87.6093227284223	6.232992953619206
1580.0	87.60286480247666	6.235077457883667
1581.0	87.59640159223744	6.237165986080463
1582.0	87.58993309762884	6.239258536475115
1583.0	87.58345931857507	6.241355107325115
1584.0	87.57698025500034	6.243455696879917
1585.0	87.57049590682882	6.245560303380938
1586.0	87.56400627398477	6.247668925061566
1587.0	87.55751135639235	6.2497815601471505
1588.0	87.5510111539758	6.251898206855014
1589.0	87.54450566665926	6.254018863394436
1590.0	87.53799489436702	6.256143527966668
1591.0	87.53147883702322	6.258272198764926
1592.0	87.52495749455208	6.26040487397439
1593.0	87.51843086687782	6.262541551772207
1594.0	87.51189895392463	6.26468223032749
1595.0	87.50536175561672	6.266826907801318
1596.0	87.49881927187829	6.268975582346735
1597.0	87.49227150263353	6.271128252108754
1598.0	87.48571844780668	6.273284915224346
1599.0	87.47916010732192	6.275445569822461
1600.0	87.47259648110344	6.277610214024001
1601.0	87.46602756907548	6.279778845941842
1602.0	87.45945337116221	6.281951463680825
1603.0	87.45287388728786	6.284128065337752
1604.0	87.44628911737662	6.286308649001399
1605.0	87.43969906135271	6.288493212752502
1606.0	87.43310371914032	6.290681754663761
1607.0	87.42650309066364	6.29287427279985
1608.0	87.4198971758469	6.2950707652174005
1609.0	87.4132859746143	6.297271229965016
1610.0	87.40666948689002	6.299475665083261
1611.0	87.40004771259831	6.301684068604669
1612.0	87.39342065166332	6.303896438553739
1613.0	87.3867883040093	6.306112772946934
1614.0	87.38015066956041	6.308333069792686
1615.0	87.37350774824088	6.31055732709139
1616.0	87.36685953997494	6.312785542835406
1617.0	87.36020604468673	6.3150177150090645
1618.0	87.35354726230052	6.317253841588656
1619.0	87.34688319274048	6.3194939205424445
1620.0	87.34021383593083	6.321737949830654
1621.0	87.33353919179572	6.323985927405473
1622.0	87.32685926025944	6.326237851211061
1623.0	87.32017404124613	6.3284937191835375
1624.0	87.31348353468002	6.3307535292509955
1625.0	87.3067877404853	6.333017279333489
1626.0	87.3000866585862	6.3352849673430365
1627.0	87.29338028890689	6.337556591183625
1628.0	87.28666863137161	6.3398321487512055
1629.0	87.27995168590452	6.3421116379337
1630.0	87.27322945242987	6.344395056610989
1631.0	87.26650193087184	6.346682402654925
1632.0	87.25976912115462	6.3489736739293186
1633.0	87.25303102320245	6.3512688682899565
1634.0	87.24628763693951	6.353567983584584
1635.0	87.23953896229003	6.355871017652914
1636.0	87.23278499917815	6.358177968326627
1637.0	87.22602574752815	6.360488833429366
1638.0	87.2192612072642	6.362803610776745
1639.0	87.2124913783105	6.3651222981763365
1640.0	87.20571626059125	6.3674448934276855
1641.0	87.19893585403068	6.3697713943223
1642.0	87.19215015855296	6.372101798643654
1643.0	87.18535917408234	6.37443610416719
1644.0	87.17856290054297	6.376774308660309
1645.0	87.1717613378591	6.379116409882387
1646.0	87.1649544859549	6.381462405584761
1647.0	87.15814234475458	6.383812293510732
1648.0	87.15132491418237	6.386166071395573
1649.0	87.14450219416246	6.388523736966516
1650.0	87.13767418461902	6.3908852879427664
1651.0	87.1308408854763	6.3932507220354875
1652.0	87.1240022966585	6.395620036947812
1653.0	87.1171584180898	6.3979932303748415
1654.0	87.11030924969444	6.400370300003638
1655.0	87.10345479139657	6.402751243513232
1656.0	87.09659504312044	6.405136058574623
1657.0	87.08973000479023	6.407524742850771
1658.0	87.08285967633017	6.409917293996602
1659.0	87.07598405766443	6.412313709659012
1660.0	87.06910314871725	6.414713987476862
1661.0	87.06221694941279	6.417118125080974
1662.0	87.0553254596753	6.419526120094144
1663.0	87.04842867942895	6.421937970131125
1664.0	87.04152660859796	6.424353672798643
1665.0	87.03461924710653	6.426773225695386
1666.0	87.02770659487888	6.42919662641201
1667.0	87.02078865183918	6.431623872531134
1668.0	87.01386541791166	6.434054961627345
1669.0	87.00693689302052	6.436489891267197
1670.0	87.00000307708996	6.438928659009207
1671.0	86.99306397004419	6.441371262403861
1672.0	86.9861195718074	6.443817698993605
1673.0	86.97916988230382	6.446267966312859
1674.0	86.97221490145762	6.448722061888003
1675.0	86.96525462919303	6.4511799832373855
1676.0	86.95828906543424	6.45364172787132
1677.0	86.95131821010547	6.456107293292086
1678.0	86.9443420631309	6.458576676993926
1679.0	86.93736062443477	6.461049876463054
1680.0	86.93037389394125	6.463526889177646
1681.0	86.92338187157456	6.466007712607847
1682.0	86.9163845572589	6.468492344215763
1683.0	86.90938195091847	6.470980781455467
1684.0	86.90237405247747	6.473473021773003
1685.0	86.89536086186013	6.475969062606378
1686.0	86.88834237899061	6.478468901385561
1687.0	86.88131860379316	6.480972535532491
1688.0	86.87428953619198	6.483479962461072
1689.0	86.86725517611123	6.485991179577173
1690.0	86.86021552347516	6.488506184278629
1691.0	86.85317057820795	6.491024973955246
1692.0	86.84612034023382	6.493547545988786
1693.0	86.83906480947695	6.496073897752984
1694.0	86.83200398586158	6.498604026613538
1695.0	86.82493786931187	6.501137929928115
1696.0	86.81786645975207	6.503675605046346
1697.0	86.81078975710633	6.506217049309826
1698.0	86.80370776129892	6.508762260052116
1699.0	86.79662047225398	6.511311234598748
1700.0	86.78952788989577	6.513863970267212
1701.0	86.78243001414845	6.5164204643669725
1702.0	86.77532684493625	6.518980714199452
1703.0	86.76821838218335	6.521544717058044
1704.0	86.76110462581397	6.524112470228105
1705.0	86.75398557575234	6.526683970986957
1706.0	86.74686123192261	6.5292592166038945
1707.0	86.73973159424904	6.531838204340169
1708.0	86.73259666265578	6.534420931449001
1709.0	86.72545643706708	6.537007395175579
1710.0	86.7183109174071	6.5395975927570555
1711.0	86.7111601036001	6.54219152142255
1712.0	86.70400399557022	6.5447891783931444
1713.0	86.69684259324171	6.547390560881892
1714.0	86.68967589653876	6.549995666093806
1715.0	86.68250390538557	6.552604491225869
1716.0	86.67532661970635	6.555217033467033
1717.0	86.66814403942531	6.557833289998208
1718.0	86.66095616446664	6.5604532579922745
1719.0	86.65376299475456	6.563076934614077
1720.0	86.64656453021325	6.56570431702043
1721.0	86.63936077076694	6.568335402360106
1722.0	86.63215171633982	6.570970187773853
1723.0	86.62493736685609	6.573608670394378
1724.0	86.61771772223997	6.576250847346355
1725.0	86.61049278241565	6.578896715746423
1726.0	86.60326254730734	6.581546272703195
1727.0	86.59602701683923	6.584199515317237
1728.0	86.58878619093556	6.58685644068109
1729.0	86.5815400695205	6.589517045879258
1730.0	86.57428865251828	6.592181327988207
1731.0	86.56703193985307	6.59484928407638
1732.0	86.5597699314491	6.597520911204176
1733.0	86.55250262723055	6.600196206423962
1734.0	86.54523002712168	6.602875166780067
1735.0	86.53795213104662	6.605557789308798
1736.0	86.53066893892962	6.608244071038416
1737.0	86.52338045069487	6.610934008989154
1738.0	86.5160866662666	6.613627600173206
1739.0	86.50878758556897	6.616324841594737
1740.0	86.5014832085262	6.6190257302498745
1741.0	86.49417353506252	6.621730263126712
1742.0	86.4868585651021	6.624438437205313
1743.0	86.47953829856917	6.627150249457704
1744.0	86.47221273538791	6.629865696847871
1745.0	86.46488187548255	6.632584776331778
1746.0	86.45754571877725	6.635307484857345
1747.0	86.45020426519628	6.638033819364465
1748.0	86.44285751466379	6.640763776784992
1749.0	86.43550546710401	6.643497354042745
1750.0	86.42814812244113	6.646234548053513
1751.0	86.42078548059936	6.64897535572505
1752.0	86.41341754150291	6.651719773957076
1753.0	86.40604430507598	6.654467799641273
1754.0	86.39866577124276	6.6572194296612945
1755.0	86.3912819399275	6.659974660892752
1756.0	86.38389281105432	6.662733490203231
1757.0	86.37649838454752	6.665495914452283
1758.0	86.36909866033123	6.668261930491417
1759.0	86.36169363832968	6.671031535164116
1760.0	86.3542833184671	6.673804725305822
1761.0	86.34686770066766	6.676581497743951
1762.0	86.33944678485558	6.679361849297879
1763.0	86.33202057095505	6.682145776778951
1764.0	86.3245890588903	6.684933276990472
1765.0	86.31715224858549	6.6877243467277205
1766.0	86.30971013996488	6.690518982777935
1767.0	86.30226273295261	6.693317181920325
1768.0	86.29481002747296	6.6961189409260635
1769.0	86.28735202345007	6.698924256558289
1770.0	86.27988872080817	6.701733125572101
1771.0	86.27242011947146	6.704545544714575
1772.0	86.26494621936416	6.707361510724745
1773.0	86.25746702041045	6.710181020333615
1774.0	86.24998252253454	6.71300407026415
1775.0	86.24249272566064	6.715830657231286
1776.0	86.23499762971295	6.71866077794192
1777.0	86.22749723461568	6.721494429094921
1778.0	86.21999154029302	6.724331607381118
1779.0	86.21248054666921	6.72717230948331
1780.0	86.20496425366841	6.730016532076256
1781.0	86.19744266121484	6.732864271826689
1782.0	86.1899157692327	6.735715525393301
1783.0	86.18238357764622	6.7385702894267565
1784.0	86.17484608637957	6.741428560569679
1785.0	86.16730329535699	6.744290335456658
1786.0	86.15975520450263	6.747155610714257
1787.0	86.15220181374075	6.750024382960999
1788.0	86.14464312299552	6.752896648807371
1789.0	86.13707913219116	6.755772404855832
1790.0	86.12950984125186	6.758651647700801
1791.0	86.12193525010186	6.761534373928669
1792.0	86.1143553586653	6.764420580117784
1793.0	86.10677016686644	6.76731026283847
1794.0	86.09917967462947	6.770203418653013
1795.0	86.09158388187856	6.773100044115656
1796.0	86.08398278853798	6.776000135772624
1797.0	86.07637639453188	6.778903690162097
1798.0	86.06876469978448	6.781810703814223
1799.0	86.06114770421999	6.784721173251118
1800.0	86.0535254077626	6.787635094986859
1801.0	86.04589781033653	6.790552465527493
1802.0	86.038264911866	6.793473281371034
1803.0	86.03062671227515	6.796397539007461
1804.0	86.02298321148825	6.799325234918713
1805.0	86.01533440942947	6.802256365578704
1806.0	86.00768030602305	6.805190927453305
1807.0	86.00002090119314	6.808128917000359
1808.0	85.99235619486397	6.811070330669677
1809.0	85.98468618695976	6.814015164903028
1810.0	85.9770108774047	6.816963416134151
1811.0	85.96933026612298	6.819915080788752
1812.0	85.96164435303882	6.8228701552845
1813.0	85.95395313807644	6.825828636031032
1814.0	85.94625662116	6.828790519429952
1815.0	85.93855480221376	6.831755801874827
1816.0	85.93084768116188	6.834724479751189
1817.0	85.92313525792858	6.837696549436541
1818.0	85.91541753243806	6.840672007300347
1819.0	85.90769450461453	6.843650849704039
1820.0	85.89996617438217	6.846633073001015
1821.0	85.89223254166524	6.849618673536636
1822.0	85.88449360638788	6.852607647648234
1823.0	85.87674936847435	6.855599991665103
1824.0	85.8689998278488	6.858595701908504
1825.0	85.86124498443547	6.861594774691664
1826.0	85.85348483815855	6.8645972063197735
1827.0	85.84571938894227	6.867602993089993
1828.0	85.83794863671079	6.870612131291447
1829.0	85.83017258138835	6.873624617205228
1830.0	85.82239122289913	6.8766404471043865
1831.0	85.81460456116734	6.879659617253946
1832.0	85.80681259611721	6.882682123910896
1833.0	85.79901532767292	6.885707963324191
1834.0	85.79121275575868	6.88873713173475
1835.0	85.78340488029868	6.891769625375457
1836.0	85.77559170121714	6.894805440471162
1837.0	85.76777321843825	6.897844573238683
1838.0	85.75994943188624	6.900887019886807
1839.0	85.75212034148528	6.903932776616278
1840.0	85.74428594715961	6.906981839619813
1841.0	85.7364462488334	6.91003420508209
1842.0	85.72860124643088	6.913089869179758
1843.0	85.72075093987624	6.916148828081428
1844.0	85.7128953290937	6.919211077947678
1845.0	85.70503441400743	6.922276614931054
1846.0	85.69716819454167	6.925345435176064
1847.0	85.6892966706206	6.928417534819183
1848.0	85.68141984216844	6.931492909988854
1849.0	85.6735377091094	6.934571556805484
1850.0	85.66565027136765	6.937653471381447
1851.0	85.65775752886744	6.940738649821078
1852.0	85.64985948153293	6.943827088220688
1853.0	85.64195612928836	6.946918782668545
1854.0	85.63404747205792	6.950013729244886
1855.0	85.62613350976581	6.953111924021914
1856.0	85.61821424233622	6.956213363063795
1857.0	85.61028966969339	6.959318042426665
1858.0	85.60235979176149	6.962425958158627
1859.0	85.59442460846475	6.965537106299743
1860.0	85.58648411972736	6.968651482882046
1861.0	85.57853832547353	6.971769083929534
1862.0	85.57058722562745	6.97488990545817
1863.0	85.56263082011336	6.978013943475882
1864.0	85.5546691088554	6.981141193982572
1865.0	85.54670209177783	6.984271652970094
1866.0	85.53872976880486	6.987405316422279
1867.0	85.53075213986064	6.990542180314916
1868.0	85.52276920486943	6.993682240615767
1869.0	85.51478096375538	6.996825493284556
1870.0	85.50678741644276	6.999971934272974
1871.0	85.49878856285571	7.0031215595246765
1872.0	85.49078440291848	7.006274364975287
1873.0	85.48277493655524	7.0094303465523895
1874.0	85.47476016369023	7.012589500175542
1875.0	85.46674008424762	7.015751821756265
1876.0	85.45871469815162	7.018917307198042
1877.0	85.45068400532645	7.022085952396322
1878.0	85.44264800569631	7.0252577532385265
1879.0	85.4346066991854	7.028432705604039
1880.0	85.42656008571792	7.031610805364205
1881.0	85.41850816521807	7.034792048382344
1882.0	85.4104509376101	7.037976430513732
1883.0	85.40238840281813	7.041163947605617
1884.0	85.39432056076642	7.044354595497214
1885.0	85.38624741137919	7.0475483700197
1886.0	85.37816895458059	7.05074526699622
1887.0	85.37008519029487	7.053945282241882
1888.0	85.3619961184462	7.0571484115637615
1889.0	85.35390173895883	7.060354650760907
1890.0	85.3458020517569	7.0635639956243175
1891.0	85.33769705676467	7.066776441936972
1892.0	85.32958675390631	7.069991985473805
1893.0	85.32147114310605	7.073210622001728
1894.0	85.31335022428807	7.076432347279608
1895.0	85.3052239973766	7.079657157058284
1896.0	85.29709246229581	7.082885047080558
1897.0	85.28895561896994	7.086116013081197
1898.0	85.28081346732317	7.089350050786938
1899.0	85.27266600727971	7.09258715591648
1900.0	85.26451323876377	7.095827324180491
1901.0	85.25635516169953	7.099070551281603
1902.0	85.24819177601124	7.102316832914412
1903.0	85.24002308162306	7.1055661647654835
1904.0	85.23184907845923	7.108818542513347
1905.0	85.22366976644392	7.112073961828499
1906.0	85.21548514550136	7.1153324183733995
1907.0	85.20729521555573	7.118593907802476
1908.0	85.19909997653126	7.12185842576212
1909.0	85.19089942835214	7.1251259678906935
1910.0	85.18269357094258	7.128396529818522
1911.0	85.17448240422677	7.131670107167893
1912.0	85.16626592812892	7.134946695553066
1913.0	85.15804414257325	7.138226290580261
1914.0	85.14981704748395	7.141508887847668
1915.0	85.14158464278522	7.144794482945441
1916.0	85.13334692840128	7.148083071455702
1917.0	85.1251039042563	7.151374648952532
1918.0	85.11685557027455	7.154669211001987
1919.0	85.10860192638016	7.157966753162083
1920.0	85.10034297249737	7.161267270982803
1921.0	85.09207870855039	7.164570760006098
1922.0	85.08380913446341	7.167877215765883
1923.0	85.07553425016064	7.171186633788037
1924.0	85.06725405556628	7.174499009590408
1925.0	85.05896855060455	7.177814338682812
1926.0	85.05067773519963	7.181132616567024
1927.0	85.04238160927574	7.18445383873679
1928.0	85.03408017275707	7.1877780006778185
1929.0	85.02577342556785	7.191105097867787
1930.0	85.01746136763224	7.194435125776339
1931.0	85.00914399887449	7.1977680798650825
1932.0	85.00082131921877	7.2011039555875875
1933.0	84.99249332858933	7.204442748389398
1934.0	84.98416002691032	7.207784453708015
1935.0	84.97582141410598	7.211129066972917
1936.0	84.96747749010048	7.214476583605537
1937.0	84.95912825481805	7.217826999019277
1938.0	84.95077370818291	7.2211803086195046
1939.0	84.94241385011922	7.224536507803558
1940.0	84.93404868055123	7.227895591960742
1941.0	84.92567819940311	7.231257556472316
1942.0	84.91730240659908	7.234622396711513
1943.0	84.90892130206333	7.237990108043534
1944.0	84.90053488572009	7.241360685825545
1945.0	84.89214315749354	7.244734125406669
1946.0	84.8837461173079	7.2481104221280095
1947.0	84.87534376508734	7.251489571322626
1948.0	84.86693610075612	7.254871568315543
1949.0	84.85852312423839	7.258256408423756
1950.0	84.8501048354584	7.261644086956224
1951.0	84.84168123434031	7.265034599213875
1952.0	84.83325232080837	7.268427940489596
1953.0	84.82481809478675	7.271824106068245
1954.0	84.81637855619967	7.275223091226649
1955.0	84.80793370497132	7.278624891233589
1956.0	84.79948354102591	7.282029501349827
1957.0	84.79102806428766	7.285436916828077
1958.0	84.78256727468074	7.288847132913031
1959.0	84.77410117212939	7.292260144841336
1960.0	84.7656297565578	7.295675947841611
1961.0	84.75715302789017	7.299094537134444
1962.0	84.74867098605071	7.3025159079323805
1963.0	84.74018363096361	7.305940055439938
1964.0	84.7316909625531	7.309366974853595
1965.0	84.72319298074336	7.312796661361802
1966.0	84.71468968545861	7.316229110144971
1967.0	84.70618107662304	7.319664316375481
1968.0	84.69766715416087	7.323102275217677
1969.0	84.6891479179963	7.326542981827869
1970.0	84.6806233680535	7.329986431354333
1971.0	84.67209350425674	7.333432618937313
1972.0	84.66355832653016	7.336881539709017
1973.0	84.655017834798	7.34033318879362
1974.0	84.64647202898446	7.343787561307259
1975.0	84.63792090901374	7.34724465235804
1976.0	84.62936447481005	7.350704457046039
1977.0	84.62080272629757	7.35416697046329
1978.0	84.61223566340054	7.357632187693798
1979.0	84.60366328604313	7.36110010381353
1980.0	84.59508559414958	7.364570713890422
1981.0	84.58650258764405	7.368044012984378
1982.0	84.57791426645079	7.371519996147262
1983.0	84.56932063049396	7.374998658422909
1984.0	84.56072167969782	7.378479994847113
1985.0	84.55211741398651	7.381964000447641
1986.0	84.54350783328428	7.385450670244227
1987.0	84.53489293751531	7.388939999248563
1988.0	84.52627272660382	7.392431982464313
1989.0	84.51764720047399	7.395926614887101
1990.0	84.50901635905007	7.399423891504523
1991.0	84.50038020225621	7.402923807296141
1992.0	84.49173873001664	7.40642635723348
1993.0	84.48309194225557	7.409931536280029
1994.0	84.4744398388972	7.413439339391246
1995.0	84.46578241986573	7.416949761514555
1996.0	84.45711968508536	7.420462797589344
1997.0	84.4484516344803	7.423978442546967
1998.0	84.43977826797475	7.427496691310747
1999.0	84.43109958549293	7.4310175387959685
2000.0	84.42241558695902	7.434540979909886
2001.0	84.41372627229724	7.438067009551714
2002.0	84.40503164143179	7.441595622612641
2003.0	84.39633169428687	7.445126813975815
2004.0	84.3876264307867	7.448660578516351
2005.0	84.37891585085546	7.452196911101328
2006.0	84.37019995441736	7.455735806589798
2007.0	84.36147874139662	7.459277259832777
2008.0	84.35275221171743	7.462821265673239
2009.0	84.34402036530399	7.46636781894613
2010.0	84.33528320208052	7.469916914478359
2011.0	84.32654072197121	7.473468547088808
2012.0	84.31779292490029	7.477022711588318
2013.0	84.30903981079192	7.4805794027796955
2014.0	84.30028137957035	7.484138615457717
2015.0	84.29151763115973	7.48770034440912
2016.0	84.28274856548434	7.491264584412613
2017.0	84.27397418246831	7.49483133023887
2018.0	84.26519448203588	7.498400576650524
2019.0	84.25640946411124	7.501972318402183
2020.0	84.24761912861862	7.505546550240411
2021.0	84.2388234754822	7.509123266903749
2022.0	84.2300225046262	7.512702463122697
2023.0	84.22121621597479	7.516284133619722
2024.0	84.21240460945224	7.519868273109257
2025.0	84.20358768498266	7.523454876297697
2026.0	84.19476544249035	7.527043937883411
2027.0	84.18593788189945	7.530635452556732
2028.0	84.17710500313417	7.534229414999951
2029.0	84.16826680611877	7.537825819887334
2030.0	84.15942329077738	7.541424661885105
2031.0	84.15057445703425	7.545025935651462
2032.0	84.14172030481357	7.548629635836566
2033.0	84.13286083403955	7.552235757082539
2034.0	84.12399604463639	7.5558442940234745
2035.0	84.11512593652829	7.559455241285429
2036.0	84.10625050963944	7.563068593486424
2037.0	84.0973697638941	7.566684345236456
2038.0	84.0884836992164	7.570302491137474
2039.0	84.07959231553059	7.573923025783398
2040.0	84.07069561276086	7.577545943760118
2041.0	84.06179359083143	7.581171239645484
2042.0	84.05288624966649	7.5847989080093186
2043.0	84.04397358919024	7.588428943413404
2044.0	84.03505560932689	7.592061340411491
2045.0	84.02613231000063	7.595696093549292
2046.0	84.0172036911357	7.599333197364492
2047.0	84.00826975265628	7.60297264638674
2048.0	83.99933049448657	7.606614435137647
2049.0	83.99038591655078	7.6102585581307975
2050.0	83.98143601877312	7.613905009871727
2051.0	83.97248080107778	7.617553784857958
2052.0	83.96352026338899	7.62120487757896
2053.0	83.95455440563092	7.624858282516181
2054.0	83.9455832277278	7.628513994143026
2055.0	83.93660672960381	7.632172006924871
2056.0	83.92762491118317	7.635832315319058
2057.0	83.9186377723901	7.6394949137748895
2058.0	83.90964531314877	7.643159796733642
2059.0	83.9006475333834	7.646826958628552
2060.0	83.89164443301821	7.650496393884826
2061.0	83.88263601197738	7.654168096919628
2062.0	83.87362227018514	7.657842062142097
2063.0	83.86460320756565	7.6615182839533365
2064.0	83.85557882404315	7.665196756746412
2065.0	83.84654911954185	7.668877474906358
2066.0	83.83751409398592	7.672560432810171
2067.0	83.8284737472996	7.676245624826815
2068.0	83.81942807940705	7.679933045317227
2069.0	83.81037709023254	7.683622688634301
2070.0	83.8013207797002	7.6873145491229
2071.0	83.79225914773428	7.691008621119848
2072.0	83.78319219425899	7.694704898953943
