0.0	128.21933595496952	6.708072395261621
1.0	128.21973724853993	6.707120346506111
2.0	128.2201346826228	6.706165307018409
3.0	128.22052825699836	6.705207286017161
4.0	128.22091797144665	6.704246292715046
5.0	128.22130382574784	6.703282336318774
6.0	128.22168581968208	6.702315426029086
7.0	128.22206395302948	6.701345571040753
8.0	128.22243822557013	6.7003727805425815
9.0	128.22280863708423	6.699397063717402
10.0	128.22317518735187	6.698418429742085
11.0	128.22353787615316	6.697436887787525
12.0	128.2238967032683	6.69645244701865
13.0	128.2242516684774	6.6954651165944234
14.0	128.2246027715605	6.694474905667833
15.0	128.22495001229785	6.693481823385903
16.0	128.22529339046952	6.692485878889686
17.0	128.22563290585563	6.691487081314268
18.0	128.22596855823636	6.690485439788765
19.0	128.2263003473918	6.689480963436324
20.0	128.22662827310208	6.6884736613741245
21.0	128.22695233514736	6.687463542713377
22.0	128.22727253330777	6.686450616559321
23.0	128.22758886736338	6.685434892011231
24.0	128.22790133709438	6.68441637816241
25.0	128.2282099422809	6.6833950841001935
26.0	128.22851468270304	6.682371018905949
27.0	128.22881555814095	6.6813441916550715
28.0	128.22911256837475	6.680314611416993
29.0	128.22940571318455	6.679282287255171
30.0	128.22969499235055	6.6782472282271
31.0	128.2299804056528	6.6772094433843
32.0	128.23026195287147	6.676168941772328
33.0	128.23053963378672	6.675125732430768
34.0	128.23081344817862	6.674079824393236
35.0	128.2310833958273	6.67303122668738
36.0	128.23134947651297	6.67197994833488
37.0	128.23161169001568	6.670925998351446
38.0	128.2318700361156	6.669869385746821
39.0	128.23212451459284	6.668810119524776
40.0	128.23237512522755	6.667748208683117
41.0	128.2326218677998	6.6666836622136785
42.0	128.23286474208982	6.665616489102328
43.0	128.2331037478777	6.664546698328964
44.0	128.2333388849435	6.663474298867514
45.0	128.23357015306746	6.662399299685941
46.0	128.23379755202964	6.661321709746236
47.0	128.2340210816102	6.6602415380044215
48.0	128.23424074158925	6.659158793410554
49.0	128.23445653174696	6.658073484908717
50.0	128.23466845186337	6.656985621437028
51.0	128.23487650171873	6.6558952119276364
52.0	128.2350806810931	6.6548022653067225
53.0	128.23528098976658	6.653706790494494
54.0	128.2354774275194	6.652608796405197
55.0	128.23566999413163	6.651508291947103
56.0	128.23585868938335	6.650405286022515
57.0	128.2360435130548	6.649299787527772
58.0	128.23622446492604	6.64819180535324
59.0	128.23640154477718	6.647081348383317
60.0	128.23657475238844	6.645968425496433
61.0	128.23674408753988	6.644853045565049
62.0	128.2369095500116	6.643735217455657
63.0	128.23707113958383	6.642614950028784
64.0	128.23722885603664	6.64149225213898
65.0	128.23738269915012	6.640367132634835
66.0	128.2375326687045	6.639239600358964
67.0	128.23767876447982	6.638109664148017
68.0	128.23782098625625	6.636977332832673
69.0	128.23795933381396	6.635842615237644
70.0	128.23809380693302	6.634705520181673
71.0	128.23822440539354	6.633566056477533
72.0	128.23835112897572	6.63242423293203
73.0	128.23847397745968	6.631280058345999
74.0	128.23859295062547	6.630133541514309
75.0	128.23870804825333	6.628984691225858
76.0	128.23881927012334	6.627833516263577
77.0	128.2389266160156	6.626680025404426
78.0	128.23903008571028	6.625524227419398
79.0	128.23912967898752	6.624366131073519
80.0	128.23922539562741	6.623205745125843
81.0	128.2393172354101	6.622043078329457
82.0	128.23940519811575	6.620878139431478
83.0	128.23948928352442	6.619710937173055
84.0	128.23956949141632	6.6185414802893705
85.0	128.23964582157154	6.6173697775096345
86.0	128.2397182737702	6.616195837557089
87.0	128.23978684779246	6.61501966914901
88.0	128.2398515434184	6.613841280996702
89.0	128.2399123604282	6.612660681805502
90.0	128.239969298602	6.611477880274779
91.0	128.24002235771988	6.610292885097931
92.0	128.240071537562	6.6091057049623885
93.0	128.2401168379085	6.607916348549614
94.0	128.24015825853948	6.606724824535101
95.0	128.24019579923507	6.605531141588375
96.0	128.24022945977543	6.604335308372988
97.0	128.24025923994068	6.603137333546529
98.0	128.24028513951095	6.601937225760618
99.0	128.24030715826638	6.600734993660902
100.0	128.24032529598705	6.5995306458870635
101.0	128.24033955245318	6.5983241910728125
102.0	128.2403499274448	6.597115637845894
103.0	128.2403564207421	6.595904994828083
104.0	128.24035903212524	6.594692270635184
105.0	128.24035776137427	6.5934774738770345
106.0	128.24035260826935	6.592260613157504
107.0	128.24034357259066	6.591041697074491
108.0	128.24033065411828	6.589820734219927
109.0	128.2403138526323	6.588597733179774
110.0	128.24029316791297	6.587372702534026
111.0	128.24026859974032	6.586145650856707
112.0	128.2402401478945	6.584916586715874
113.0	128.2402078121557	6.583685518673614
114.0	128.24017159230397	6.582452455286045
115.0	128.24013148811946	6.5812174051033185
116.0	128.24008749938233	6.5799803766696146
117.0	128.2400396258727	6.578741378523145
118.0	128.23998786737064	6.577500419196156
119.0	128.2399322236564	6.576257507214919
120.0	128.23987269451004	6.575012651099743
121.0	128.23980927971164	6.573765859364965
122.0	128.23974197904144	6.572517140518953
123.0	128.2396707922795	6.571266503064108
124.0	128.23959571920594	6.5700139554968615
125.0	128.23951675960095	6.568759506307676
126.0	128.23943391324462	6.567503163981043
127.0	128.23934717991708	6.566244936995492
128.0	128.23925655939846	6.564984833823576
129.0	128.23916205146892	6.563722862931885
130.0	128.23906365590852	6.562459032781037
131.0	128.2389613724975	6.561193351825683
132.0	128.2388552010159	6.559925828514503
133.0	128.23874514124387	6.558656471290211
134.0	128.23863119296155	6.557385288589551
135.0	128.2385133559491	6.556112288843299
136.0	128.23839162998658	6.554837480476261
137.0	128.2382660148542	6.553560871907274
138.0	128.23813651033203	6.5522824715492085
139.0	128.2380031162002	6.551002287808966
140.0	128.23786583223887	6.549720329087475
141.0	128.2377246582282	6.548436603779703
142.0	128.2375795939482	6.547151120274641
143.0	128.23743063917914	6.545863886955314
144.0	128.2372777937011	6.544574912198782
145.0	128.23712105729416	6.543284204376131
146.0	128.23696042973853	6.541991771852482
147.0	128.23679591081432	6.5406976229869835
148.0	128.23662750030158	6.539401766132818
149.0	128.23645519798058	6.538104209637201
150.0	128.23627900363132	6.536804961841374
151.0	128.23609891703398	6.535504031080615
152.0	128.23591493796874	6.5342014256842305
153.0	128.23572706621565	6.532897153975557
154.0	128.23553530155488	6.531591224271967
155.0	128.23533964376657	6.53028364488486
156.0	128.23514009263084	6.528974424119668
157.0	128.23493664792778	6.527663570275855
158.0	128.2347293094376	6.526351091646916
159.0	128.23451807694036	6.5250369965203765
160.0	128.2343029502162	6.523721293177792
161.0	128.2340839290453	6.522403989894754
162.0	128.23386101320776	6.521085094940881
163.0	128.2336342024837	6.519764616579825
164.0	128.23340349665327	6.518442563069265
165.0	128.23316889549656	6.517118942660919
166.0	128.23293039879374	6.515793763600531
167.0	128.23268800632493	6.5144670341278745
168.0	128.2324417178703	6.513138762476759
169.0	128.23219153320989	6.511808956875024
170.0	128.2319374521239	6.510477625544538
171.0	128.23167947439245	6.509144776701202
172.0	128.23141759979563	6.507810418554951
173.0	128.2311518281136	6.506474559309745
174.0	128.23088215912654	6.505137207163583
175.0	128.2306085926145	6.503798370308489
176.0	128.23033112835765	6.5024580569305215
177.0	128.23004976613612	6.501116275209769
178.0	128.22976450573	6.499773033320353
179.0	128.2294753469195	6.498428339430424
180.0	128.22918228948467	6.497082201702162
181.0	128.22888533320568	6.495734628291786
182.0	128.22858447786268	6.49438562734954
183.0	128.22827972323574	6.493035207019698
184.0	128.22797106910502	6.49168337544057
185.0	128.2276585152507	6.490330140744495
186.0	128.22734206145284	6.488975511057843
187.0	128.2270217074916	6.487619494501016
188.0	128.2266974531471	6.486262099188447
189.0	128.2263692981995	6.484903333228599
190.0	128.22603724242887	6.4835432047239685
191.0	128.2257012856154	6.482181721771083
192.0	128.2253614275392	6.480818892460499
193.0	128.22501766798038	6.479454724876807
194.0	128.22467000671912	6.478089227098627
195.0	128.2243184435355	6.476722407198611
196.0	128.22396297820967	6.475354273243442
197.0	128.22360361052176	6.4739848332938355
198.0	128.2232403402519	6.472614095404536
199.0	128.2228731671802	6.471242067624321
200.0	128.22250209108685	6.469868757995998
201.0	128.22212711175192	6.468494174556408
202.0	128.22174822895553	6.467118325336421
203.0	128.2213654424779	6.465741218360939
204.0	128.2209787520991	6.464362861648895
205.0	128.2205881575992	6.462983263213254
206.0	128.22019365875843	6.461602431061012
207.0	128.2197952553569	6.460220373193196
208.0	128.2193929471747	6.458837097604865
209.0	128.21898673399198	6.457452612285107
210.0	128.2185766155889	6.456066925217046
211.0	128.2181625917455	6.454680044377832
212.0	128.21774466224204	6.453291977738648
213.0	128.21732282685858	6.451902733264712
214.0	128.21689708537522	6.4505123189152656
215.0	128.21646743757216	6.44912074264359
216.0	128.2160338832295	6.447728012396992
217.0	128.21559642212733	6.446334136116812
218.0	128.21515505404582	6.444939121738422
219.0	128.21470977876513	6.443542977191222
220.0	128.21426059606532	6.442145710398648
221.0	128.21380750572658	6.440747329278165
222.0	128.21335050752904	6.4393478417412675
223.0	128.21288960125275	6.437947255693486
224.0	128.21242478667793	6.436545579034377
225.0	128.2119560635847	6.43514281965753
226.0	128.21148343175312	6.433738985450568
227.0	128.2110068909634	6.432334084295144
228.0	128.21052644099566	6.4309281240669405
229.0	128.21004208162995	6.4295211126356735
230.0	128.2095538126465	6.42811305786509
231.0	128.20906163382543	6.426703967612967
232.0	128.20856554494677	6.425293849731114
233.0	128.2080655457908	6.42388271206537
234.0	128.2075616361375	6.422470562455609
235.0	128.2070538157671	6.421057408735732
236.0	128.2065420844597	6.4196432587336725
237.0	128.20602644199545	6.418228120271398
238.0	128.20550688815445	6.416812001164905
239.0	128.20498342271685	6.415394909224219
240.0	128.20445604546276	6.413976852253402
241.0	128.2039247561723	6.412557838050543
242.0	128.2033895546257	6.411137874407764
243.0	128.20285044060296	6.40971696911122
244.0	128.20230741388426	6.4082951299410915
245.0	128.20176047424974	6.406872364671597
246.0	128.20120962147953	6.405448681070983
247.0	128.20065485535375	6.4040240869015275
248.0	128.20009617565256	6.402598589919539
249.0	128.19953358215605	6.4011721978753595
250.0	128.19896707464437	6.39974491851336
251.0	128.19839665289766	6.398316759571944
252.0	128.19782231669603	6.396887728783547
253.0	128.19724406581958	6.395457833874634
254.0	128.19666190004853	6.394027082565701
255.0	128.19607581916293	6.392595482571279
256.0	128.19548582294294	6.391163041599925
257.0	128.1948919111687	6.389729767354232
258.0	128.19429408362032	6.388295667530819
259.0	128.19369234007794	6.386860749820344
260.0	128.1930866803217	6.385425021907488
261.0	128.19247710413174	6.383988491470969
262.0	128.1918636112881	6.382551166183533
263.0	128.19124620157106	6.38111305371196
264.0	128.19062487476063	6.379674161717058
265.0	128.18999963063698	6.37823449785367
266.0	128.18937046898026	6.376794069770668
267.0	128.18873738957055	6.375352885110955
268.0	128.18810039218803	6.373910951511465
269.0	128.18745947661284	6.372468276603166
270.0	128.18681464262505	6.371024868011055
271.0	128.18616589000484	6.36958073335416
272.0	128.18551321853232	6.368135880245542
273.0	128.1848566279876	6.36669031629229
274.0	128.18419611815088	6.365244049095531
275.0	128.18353168880225	6.363797086250416
276.0	128.1828633397218	6.362349435346129
277.0	128.1821910706897	6.3609011039658885
278.0	128.1815148814861	6.359452099686942
279.0	128.18083477189106	6.358002430080567
280.0	128.18015074168477	6.356552102712075
281.0	128.1794627906474	6.355101125140807
282.0	128.17877091855894	6.353649504920136
283.0	128.17807512519968	6.352197249597467
284.0	128.17737541034967	6.350744366714233
285.0	128.176671773789	6.349290863805901
286.0	128.17596421529788	6.3478367484019715
287.0	128.17525273465642	6.346382028025972
288.0	128.1745373316447	6.344926710195462
289.0	128.17381800604295	6.343470802422034
290.0	128.1730947576312	6.342014312211311
291.0	128.1723675861896	6.340557247062947
292.0	128.17163649149833	6.339099614470628
293.0	128.17090147333752	6.337641421922071
294.0	128.17016253148722	6.336182676899023
295.0	128.16941966572764	6.334723386877265
296.0	128.16867287583887	6.333263559326606
297.0	128.16792216160104	6.331803201710887
298.0	128.1671675227943	6.330342321487985
299.0	128.1664089591988	6.3288809261098
300.0	128.1656464705946	6.327419023022271
301.0	128.16488005676192	6.325956619665363
302.0	128.1641097174808	6.324493723473076
303.0	128.16333545253144	6.323030341873437
304.0	128.16255726169393	6.321566482288509
305.0	128.16177514474845	6.3201021521343845
306.0	128.16098910147505	6.318637358821185
307.0	128.1601991316539	6.317172109753066
308.0	128.15940523506518	6.315706412328214
309.0	128.15860741148896	6.314240273938844
310.0	128.15780566070538	6.312773701971207
311.0	128.1569999824946	6.311306703805583
312.0	128.15619037663666	6.30983928681628
313.0	128.1553768429118	6.308371458371643
314.0	128.15455938110014	6.306903225834044
315.0	128.15373799098174	6.305434596559889
316.0	128.15291267233678	6.303965577899613
317.0	128.15208342494537	6.302496177197685
318.0	128.15125024858764	6.301026401792601
319.0	128.15041314304375	6.299556259016894
320.0	128.14957210809382	6.298085756197123
321.0	128.14872714351793	6.296614900653881
322.0	128.14787824909627	6.295143699701793
323.0	128.14702542460896	6.293672160649511
324.0	128.1461686698361	6.292200290799725
325.0	128.14530798455786	6.290728097449151
326.0	128.14444336855436	6.289255587888537
327.0	128.14357482160568	6.287782769402664
328.0	128.14270234349203	6.286309649270343
329.0	128.14182593399352	6.284836234764418
330.0	128.1409455928902	6.283362533151761
331.0	128.1400613199623	6.281888551693279
332.0	128.13917311498994	6.280414297643907
333.0	128.13828097775317	6.278939778252614
334.0	128.1373849080322	6.2774650007623976
335.0	128.13648490560715	6.275989972410289
336.0	128.1355809702581	6.274514700427351
337.0	128.13467310176526	6.2730391920386745
338.0	128.13376129990868	6.271563454463386
339.0	128.1328455644685	6.2700874949146375
340.0	128.13192589522495	6.268611320599618
341.0	128.13100229195805	6.267134938719544
342.0	128.13007475444795	6.265658356469667
343.0	128.12914328247481	6.264181581039266
344.0	128.12820787581876	6.262704619611653
345.0	128.12726853425988	6.261227479364172
346.0	128.1263252575784	6.259750167468196
347.0	128.12537804555436	6.2582726910891315
348.0	128.12442689796788	6.256795057386414
349.0	128.12347181459918	6.255317273513514
350.0	128.12251279522832	6.253839346617929
351.0	128.12154983963543	6.25236128384119
352.0	128.1205829476007	6.25088309231886
353.0	128.1196121189042	6.249404779180532
354.0	128.11863735332605	6.247926351549829
355.0	128.11765865064646	6.24644781654441
356.0	128.1166760106455	6.244969181275958
357.0	128.11568943310328	6.243490452850194
358.0	128.1146989178	6.2420116383668685
359.0	128.11370446451576	6.24053274491976
360.0	128.11270607303064	6.239053779596682
361.0	128.11170374312485	6.237574749479476
362.0	128.11069747457847	6.236095661644021
363.0	128.10968726717164	6.234616523160219
364.0	128.1086731206845	6.233137341092009
365.0	128.10765503489716	6.23165812249736
366.0	128.10663300958976	6.230178874428271
367.0	128.10560704454247	6.228699603930772
368.0	128.10457713953537	6.227220318044928
369.0	128.10354329434858	6.225741023804831
370.0	128.10250550876228	6.224261728238606
371.0	128.10146378255658	6.22278243836841
372.0	128.1004181155116	6.22130316121043
373.0	128.09936850740746	6.219823903774883
374.0	128.09831495802433	6.218344673066023
375.0	128.0972574671423	6.216865476082128
376.0	128.09619603454152	6.215386319815512
377.0	128.09513066000216	6.213907211252518
378.0	128.09406134330425	6.212428157373523
379.0	128.092988084228	6.210949165152931
380.0	128.09191088255355	6.20947024155918
381.0	128.09082973806093	6.2079913935547415
382.0	128.0897446505304	6.206512628096113
383.0	128.088655619742	6.205033952133827
384.0	128.0875626454759	6.203555372612446
385.0	128.08646572751223	6.202076896470565
386.0	128.0853648656311	6.200598530640808
387.0	128.08426005961266	6.199120282049833
388.0	128.08315130923702	6.1976421576183265
389.0	128.08203861428436	6.196164164261009
390.0	128.0809219745347	6.194686308886629
391.0	128.0798013897683	6.19320859839797
392.0	128.07867685976524	6.191731039691844
393.0	128.0775483843056	6.190253639659097
394.0	128.07641596316958	6.188776405184601
395.0	128.07527959613728	6.187299343147267
396.0	128.07413928298882	6.185822460420031
397.0	128.07299502350435	6.184345763869861
398.0	128.071846817464	6.18286926035776
399.0	128.0706946646479	6.181392956738758
400.0	128.0695385648362	6.179916859861921
401.0	128.06837851780898	6.178440976570339
402.0	128.06721452334637	6.176965313701143
403.0	128.06604658122856	6.175489878085487
404.0	128.06487469123564	6.174014676548557
405.0	128.06369885314774	6.172539715909577
406.0	128.062519066745	6.171065002981797
407.0	128.06133533180756	6.169590544572496
408.0	128.0601476481155	6.168116347482991
409.0	128.05895601544904	6.166642418508625
410.0	128.05776043358824	6.165168764438772
411.0	128.05656090231324	6.163695392056843
412.0	128.05535742140418	6.162222308140275
413.0	128.0541499906412	6.160749519460536
414.0	128.05293860980441	6.159277032783129
415.0	128.05172327867396	6.157804854867586
416.0	128.05050399702998	6.156332992467471
417.0	128.04928076465256	6.154861452330376
418.0	128.04805358132188	6.153390241197932
419.0	128.04682244681808	6.151919365805792
420.0	128.04558736092122	6.1504488328836455
421.0	128.04434832341147	6.148978649155215
422.0	128.043105334069	6.14750882133825
423.0	128.04185839267387	6.146039356144533
424.0	128.04060749900626	6.1445702602798775
425.0	128.03935265284628	6.143101540444127
426.0	128.03809385397406	6.141633203331162
427.0	128.03683110216974	6.140165255628887
428.0	128.03556439721345	6.138697704019242
429.0	128.03429373888528	6.1372305551781965
430.0	128.03301912696543	6.135763815775751
431.0	128.03174056123402	6.13429749247594
432.0	128.0304580414711	6.132831591936828
433.0	128.0291715674569	6.131366120810508
434.0	128.02788113897148	6.129901085743108
435.0	128.026586755795	6.128436493374785
436.0	128.0252884177076	6.126972350339728
437.0	128.02398612448937	6.125508663266158
438.0	128.0226798759205	6.124045438776327
439.0	128.0213696717811	6.122582683486517
440.0	128.0200555118512	6.121120404007042
441.0	128.0187373959111	6.119658606942248
442.0	128.01741532374086	6.118197298890512
443.0	128.01608929512054	6.116736486444241
444.0	128.0147593098304	6.115276176189876
445.0	128.01342536765046	6.113816374707885
446.0	128.01208746836087	6.112357088572772
447.0	128.0107456117418	6.110898324353069
448.0	128.0093997975734	6.10944008861134
449.0	128.0080500256357	6.1079823879041815
450.0	128.00669629570893	6.10652522878222
451.0	128.00533860757318	6.105068617790114
452.0	128.00397696100856	6.103612561466553
453.0	128.00261135579524	6.102157066344257
454.0	128.00124179171334	6.10070213894998
455.0	127.99986826854295	6.099247785804502
456.0	127.99849078606427	6.09779401342264
457.0	127.99710934405739	6.09634082831324
458.0	127.99572394230242	6.094888236979177
459.0	127.99433458057955	6.093436245917362
460.0	127.99294125866886	6.091984861618732
461.0	127.99154397635047	6.0905340905682595
462.0	127.99014273340457	6.089083939244947
463.0	127.98873752961126	6.087634414121827
464.0	127.98732836475062	6.086185521665965
465.0	127.98591523860287	6.084737268338457
466.0	127.9844981509481	6.08328966059443
467.0	127.9830771015664	6.081842704883043
468.0	127.98165209023797	6.080396407647484
469.0	127.9802231167429	6.0789507753249765
470.0	127.97879018086131	6.077505814346772
471.0	127.97735328237337	6.076061531138154
472.0	127.9759124210592	6.0746179321184375
473.0	127.97446759669889	6.073175023700969
474.0	127.97301880907261	6.071732812293126
475.0	127.9715660579605	6.070291304296317
476.0	127.97010934314264	6.068850506105981
477.0	127.96864866439921	6.067410424111592
478.0	127.96718402151032	6.065971064696652
479.0	127.96571541425608	6.064532434238692
480.0	127.96424284241667	6.063094539109279
481.0	127.96276630577219	6.06165738567401
482.0	127.96128580410274	6.060220980292513
483.0	127.95980133718852	6.058785329318446
484.0	127.95831290480962	6.0573504390994986
485.0	127.95682050674614	6.055916315977393
486.0	127.95532414277828	6.054482966287883
487.0	127.95382381268612	6.053050396360752
488.0	127.95231951624979	6.051618612519815
489.0	127.95081125324946	6.050187621082918
490.0	127.94929902346523	6.048757428361941
491.0	127.94778282667721	6.047328040662791
492.0	127.94626266266559	6.045899464285409
493.0	127.94473853121045	6.044471705523767
494.0	127.94321043209192	6.043044770665869
495.0	127.94167836509017	6.041618665993747
496.0	127.9401423299853	6.040193397783469
497.0	127.93860232655744	6.03876897230513
498.0	127.93705835458674	6.037345395822857
499.0	127.93551041385332	6.035922674594814
500.0	127.9339585041373	6.034500814873187
501.0	127.93240262521881	6.033079822904201
502.0	127.93084277687801	6.031659704928106
503.0	127.92927895889498	6.03024046717919
504.0	127.9277111710499	6.028822115885767
505.0	127.9261394131229	6.027404657270182
506.0	127.92456368489404	6.025988097548817
507.0	127.92298398614354	6.0245724429320795
508.0	127.92140031665149	6.02315769962441
509.0	127.91981267619799	6.021743873824283
510.0	127.91822106456323	6.020330971724198
511.0	127.91662548152732	6.018918999510694
512.0	127.91502592687034	6.017507963364333
513.0	127.9134224003725	6.016097869459716
514.0	127.91181490181388	6.014688723965468
515.0	127.9102034309746	6.0132805330442505
516.0	127.90858798763486	6.011873302852754
517.0	127.90696857157472	6.010467039541703
518.0	127.90534518257432	6.009061749255847
519.0	127.90371782041383	6.007657438133974
520.0	127.90208648487335	6.006254112308898
521.0	127.900451175733	6.0048517779074695
522.0	127.89881189277293	6.003450441050563
523.0	127.89716863577328	6.002050107853093
524.0	127.89552140451414	6.000650784423997
525.0	127.89387019877569	5.99925247686625
526.0	127.89221501833804	5.997855191276854
527.0	127.89055586298129	5.996458933746845
528.0	127.88889273248562	5.995063710361289
529.0	127.88722562663114	5.993669527199283
530.0	127.88555454519795	5.992276390333958
531.0	127.88387948796624	5.990884305832473
532.0	127.8822004547161	5.989493279756017
533.0	127.88051744522764	5.988103318159817
534.0	127.87883045928106	5.9867144270931245
535.0	127.87713949665644	5.9853266125992235
536.0	127.87544455713389	5.983939880715434
537.0	127.87374564049361	5.982554237473102
538.0	127.87204274651567	5.981169688897605
539.0	127.87033587498021	5.979786241008355
540.0	127.8686250256674	5.978403899818795
541.0	127.86691019835735	5.977022671336395
542.0	127.86519139283013	5.975642561562661
543.0	127.86346860886596	5.9742635764931284
544.0	127.86174184624494	5.972885722117363
545.0	127.86001110474716	5.971509004418964
546.0	127.8582763841528	5.97013342937556
547.0	127.85653768424199	5.9687590029588105
548.0	127.85479500479481	5.967385731134408
549.0	127.85304834559145	5.9660136198620775
550.0	127.85129770641201	5.964642675095571
551.0	127.84954308703661	5.963272902782676
552.0	127.84778448724542	5.961904308865207
553.0	127.84602190681854	5.960536899279014
554.0	127.84425534553607	5.959170679953977
555.0	127.84248480317822	5.9578056568140045
556.0	127.84071027952507	5.956441835777041
557.0	127.83893177435672	5.955079222755058
558.0	127.83714928745339	5.95371782365406
559.0	127.83536281859513	5.952357644374085
560.0	127.83357236756208	5.950998690809198
561.0	127.83177793413442	5.949640968847498
562.0	127.82997951809224	5.948284484371115
563.0	127.82817711921567	5.946929243256209
564.0	127.82637073728485	5.945575251372973
565.0	127.82456037207993	5.94422251458563
566.0	127.82274602338099	5.942871038752435
567.0	127.8209276909682	5.941520829725675
568.0	127.8191053746217	5.940171893351667
569.0	127.81727907412156	5.938824235470758
570.0	127.81544878924798	5.93747786191733
571.0	127.81361451978107	5.9361327785197915
572.0	127.81177626550092	5.9347889911005876
573.0	127.80993402618772	5.933446505476191
574.0	127.80808780162157	5.932105327457106
575.0	127.80623759158257	5.930765462847869
576.0	127.80438339585092	5.929426917447048
577.0	127.80252521420671	5.928089697047242
578.0	127.80066304643005	5.92675380743508
579.0	127.79879689230111	5.925419254391225
580.0	127.79692675160003	5.924086043690369
581.0	127.79505262410686	5.922754181101235
582.0	127.79317450960183	5.921423672386578
583.0	127.79129240786501	5.920094523303185
584.0	127.78940631867653	5.9187667396018755
585.0	127.78751624181655	5.917440327027496
586.0	127.78562217706519	5.916115291318927
587.0	127.78372412420256	5.914791638209081
588.0	127.78182208300883	5.9134693734249
589.0	127.7799160532641	5.9121485026873595
590.0	127.77800603474849	5.910829031711463
591.0	127.77609202724217	5.909510966206248
592.0	127.77417403052524	5.908194311874783
593.0	127.77225204437782	5.9068790744141655
594.0	127.77032606858009	5.905565259515528
595.0	127.76839610291215	5.904252872864031
596.0	127.7664621471541	5.902941920138868
597.0	127.76452420108612	5.901632407013263
598.0	127.76258226448833	5.900324339154471
599.0	127.76063633714081	5.89901772222378
600.0	127.75868641882377	5.897712561876507
601.0	127.7567325093173	5.8964088637620025
602.0	127.7547746084015	5.895106633523647
603.0	127.75281271585656	5.893805876798851
604.0	127.75084683146258	5.892506599219058
605.0	127.74887695499967	5.891208806409744
606.0	127.74690308624801	5.8899125039904145
607.0	127.74492522498767	5.888617697574606
608.0	127.74294337099884	5.8873243927698855
609.0	127.74095752406163	5.886032595177854
610.0	127.73896768395613	5.8847423103941425
611.0	127.73697385046255	5.883453544008413
612.0	127.73497602336096	5.882166301604358
613.0	127.73297420243148	5.8808805887597035
614.0	127.73096838745428	5.8795964110462045
615.0	127.72895857820949	5.878313774029649
616.0	127.72694477447719	5.877032683269854
617.0	127.72492697603758	5.8757531443206705
618.0	127.72290518267076	5.87447516272998
619.0	127.72087939415682	5.873198744039693
620.0	127.71884961027597	5.871923893785755
621.0	127.71681583080829	5.870650617498139
622.0	127.71477805553388	5.869378920700854
623.0	127.71273628423295	5.868108808911935
624.0	127.71069051668557	5.866840287643451
625.0	127.70864075267188	5.865573362401503
626.0	127.70658699197205	5.864308038686221
627.0	127.70452923436616	5.863044321991769
628.0	127.70246747963435	5.861782217806338
629.0	127.70040172755678	5.860521731612156
630.0	127.69833197791355	5.859262868885478
631.0	127.69625823048479	5.858005635096593
632.0	127.69418048505067	5.856750035709817
633.0	127.69209874139128	5.855496076183503
634.0	127.69001299928674	5.8542437619700305
635.0	127.68792325851723	5.852993098515814
636.0	127.68582951886285	5.851744091261296
637.0	127.68373178010371	5.850496745640953
638.0	127.68163004201999	5.849251067083291
639.0	127.67952430439179	5.848007061010847
640.0	127.67741456699922	5.846764732840191
641.0	127.67530082962246	5.845524087981923
642.0	127.67318309204161	5.8442851318406746
643.0	127.67106135403678	5.84304786981511
644.0	127.66893561538815	5.841812307297921
645.0	127.66680587587582	5.840578449675835
646.0	127.66467213527991	5.8393463023296075
647.0	127.6625343933806	5.838115870634028
648.0	127.66039264995797	5.8368871599579135
649.0	127.65824690479215	5.835660175664117
650.0	127.65609715766331	5.8344349231095185
651.0	127.65394340835155	5.833211407645033
652.0	127.65178565663699	5.831989634615603
653.0	127.64962390229981	5.830769609360205
654.0	127.6474581451201	5.829551337211845
655.0	127.64528838487797	5.828334823497563
656.0	127.64311462135362	5.827120073538428
657.0	127.64093685432712	5.825907092649539
658.0	127.6387550835786	5.82469588614003
659.0	127.63656930888824	5.823486459313064
660.0	127.63437953003614	5.8222788174658335
661.0	127.6321857468024	5.8210729658895675
662.0	127.62998795896722	5.8198689098695215
663.0	127.62778616631068	5.818666654684984
664.0	127.6255803686129	5.817466205609275
665.0	127.62337056565406	5.816267567909744
666.0	127.62115675721425	5.815070746847775
667.0	127.6189389430736	5.813875747678782
668.0	127.61671712301226	5.812682575652207
669.0	127.61449129681037	5.811491236011529
670.0	127.61226146424802	5.810301733994254
671.0	127.61002762510539	5.80911407483192
672.0	127.60778977916257	5.807928263750098
673.0	127.60554792619969	5.8067443059683885
674.0	127.60330206599691	5.805562206700425
675.0	127.60105219833436	5.804381971153869
676.0	127.59879832299212	5.803203604530417
677.0	127.59654043975038	5.802027112025796
678.0	127.59427854838925	5.800852498829762
679.0	127.59201264868884	5.7996797701261045
680.0	127.58974274042932	5.798508931092643
681.0	127.58746882339078	5.797339986901229
682.0	127.58519089735336	5.796172942717746
683.0	127.5829089620972	5.7950078037021076
684.0	127.58062301740246	5.793844575008259
685.0	127.5783330630492	5.792683261784174
686.0	127.5760390988176	5.791523869171865
687.0	127.5737411244878	5.7903664023073675
688.0	127.57143913983987	5.7892108663207535
689.0	127.56913314465402	5.788057266336124
690.0	127.56682313871032	5.786905607471612
691.0	127.5645091217889	5.7857558948393795
692.0	127.56219109366995	5.784608133545625
693.0	127.55986905413356	5.783462328690574
694.0	127.55754300295982	5.782318485368484
695.0	127.55521293992894	5.781176608667645
696.0	127.55287886482101	5.780036703670377
697.0	127.55054077741613	5.7788987754530305
698.0	127.5481986774945	5.777762829085991
699.0	127.5458525648362	5.7766288696336705
700.0	127.54350243922136	5.775496902154516
701.0	127.54114830043014	5.774366931701004
702.0	127.53879014824265	5.773238963319642
703.0	127.53642798243901	5.772113002050969
704.0	127.53406180279939	5.770989052929558
705.0	127.53169160910389	5.769867120984009
706.0	127.52931740113262	5.768747211236956
707.0	127.52693917866576	5.767629328705063
708.0	127.52455694148341	5.766513478399026
709.0	127.5221706893657	5.765399665323572
710.0	127.51978042209278	5.764287894477459
711.0	127.51738613944477	5.763178170853477
712.0	127.51498784120176	5.7620704994384475
713.0	127.51258552714395	5.760964885213221
714.0	127.51017919705144	5.759861333152681
715.0	127.50776885070434	5.758759848225744
716.0	127.50535448788281	5.757660435395355
717.0	127.50293610836698	5.756563099618491
718.0	127.50051371193695	5.755467845846161
719.0	127.49808729837288	5.754374679023403
720.0	127.4956568674549	5.75328360408929
721.0	127.49322241896309	5.752194625976925
722.0	127.49078395267766	5.751107749613439
723.0	127.48834146837869	5.750022979919999
724.0	127.4858949658463	5.748940321811801
725.0	127.48344444486068	5.7478597801980715
726.0	127.48098990520191	5.746781359982069
727.0	127.4785313466501	5.745705066061085
728.0	127.47606876898544	5.744630903326438
729.0	127.47360217198805	5.743558876663484
730.0	127.471131555438	5.742488990951605
731.0	127.4686569191155	5.741421251064216
732.0	127.46617826280064	5.740355661868764
733.0	127.46369558627353	5.739292228226725
734.0	127.46120888931435	5.73823095499361
735.0	127.4587181717032	5.737171847018958
736.0	127.45622343322019	5.736114909146342
737.0	127.4537246736455	5.735060146213362
738.0	127.45122189275924	5.734007563051653
739.0	127.44871509034151	5.732957164486883
740.0	127.44620426617249	5.731908955338745
741.0	127.44368942003229	5.730862940420968
742.0	127.441170551701	5.729819124541311
743.0	127.43864766095882	5.728777512501564
744.0	127.43612074758586	5.727738109097551
745.0	127.4335898113622	5.726700919119121
746.0	127.43105485206803	5.725665947350162
747.0	127.42851586948348	5.724633198568588
748.0	127.42597286338861	5.723602677546344
749.0	127.42342583356363	5.72257438904941
750.0	127.42087477978865	5.721548337837796
751.0	127.41831970184376	5.720524528665541
752.0	127.41576059950914	5.719502966280717
753.0	127.4131974725649	5.718483655425428
754.0	127.41063032079114	5.717466600835807
755.0	127.40805914396806	5.71645180724202
756.0	127.40548394187576	5.715439279368265
757.0	127.40290471429431	5.71442902193277
758.0	127.40032146100394	5.713421039647794
759.0	127.39773418178473	5.712415337219628
760.0	127.39514287641677	5.711411919348594
761.0	127.39254754468027	5.710410790729045
762.0	127.38994818635533	5.709411956049365
763.0	127.38734480122204	5.708415419991972
764.0	127.38473738906059	5.707421187233312
765.0	127.3821259496511	5.706429262443862
766.0	127.37951048277364	5.705439650288135
767.0	127.37689098820842	5.704452355424667
768.0	127.37426746573553	5.703467382506036
769.0	127.37163991513508	5.702484736178841
770.0	127.36900833618725	5.701504421083719
771.0	127.36637272867216	5.7005264418553345
772.0	127.36373309236988	5.699550803122387
773.0	127.36108942706063	5.698577509507603
774.0	127.3584417325245	5.697606565627744
775.0	127.35579000854158	5.696637976093601
776.0	127.35313425489207	5.695671745509995
777.0	127.35047447135604	5.69470787847578
778.0	127.34781065771367	5.693746379583844
779.0	127.34514281374507	5.6927872534211
780.0	127.34247093923035	5.691830504568495
781.0	127.33979503394968	5.690876137601011
782.0	127.33711509768318	5.689924157087655
783.0	127.33443113021094	5.688974567591471
784.0	127.33174313131315	5.688027373669529
785.0	127.3290511007699	5.687082579872935
786.0	127.32635503836131	5.686140190746824
787.0	127.32365494386757	5.685200210830359
788.0	127.32095081706875	5.684262644656744
789.0	127.31824265774499	5.683327496753202
790.0	127.31553046567646	5.682394771640998
791.0	127.31281424064326	5.681464473835421
792.0	127.31009398242549	5.680536607845793
793.0	127.30736969080336	5.67961117817547
794.0	127.30464136555693	5.6786881893218375
795.0	127.30190900646633	5.67776764577631
796.0	127.29917261331175	5.676849552024338
797.0	127.29643218587329	5.6759339125454
798.0	127.29368772393104	5.675020731813005
799.0	127.2909392272652	5.674110014294695
800.0	127.28818669565587	5.6732017644520445
801.0	127.28543012888314	5.672295986740658
802.0	127.28266952672719	5.671392685610169
803.0	127.27990488896816	5.670491865504246
804.0	127.27713621538612	5.6695935308605865
805.0	127.27436350576126	5.66869768611092
806.0	127.2715867598737	5.667804335681006
807.0	127.26880597750352	5.66691348399064
808.0	127.26602115843093	5.6660251354536415
809.0	127.26323230243601	5.665139294477867
810.0	127.26043940929887	5.664255965465201
811.0	127.2576424787997	5.663375152811561
812.0	127.25484151071859	5.662496860906896
813.0	127.25203650483566	5.661621094135185
814.0	127.2492274609311	5.660747856874439
815.0	127.24641437878498	5.6598771534967005
816.0	127.24359725817743	5.659008988368043
817.0	127.24077609888863	5.658143365848568
818.0	127.23795090069869	5.657280290292417
819.0	127.2351216633877	5.656419766047753
820.0	127.23228838673585	5.655561797456777
821.0	127.22945107052324	5.654706388855717
822.0	127.22660971452999	5.653853544574836
823.0	127.22376431853624	5.653003268938424
824.0	127.22091488232215	5.652155566264806
825.0	127.21806140566778	5.651310440866337
826.0	127.21520388835334	5.650467897049402
827.0	127.21234233015893	5.64962793911442
828.0	127.20947673086465	5.648790571355839
829.0	127.20660709025067	5.647955798062139
830.0	127.20373340809711	5.6471236235158315
831.0	127.20085568418408	5.646294051993458
832.0	127.19797391829174	5.645467087765594
833.0	127.1950881102002	5.644642735096843
834.0	127.19219825968959	5.643820998245842
835.0	127.18930436654006	5.64300188146526
836.0	127.18640643053173	5.642185389001793
837.0	127.1835044514447	5.641371525096174
838.0	127.18059842905916	5.640560293983162
839.0	127.17768836315521	5.639751699891552
840.0	127.17477425351295	5.638945747044167
841.0	127.17185609991257	5.638142439657862
842.0	127.16893390213416	5.637341781943524
843.0	127.16600765995784	5.63654377810607
844.0	127.16307737316379	5.635748432344451
845.0	127.16014304153211	5.634955748851645
846.0	127.1572046648429	5.634165731814667
847.0	127.15426224287634	5.633378385414556
848.0	127.15131577541256	5.632593713826388
849.0	127.14836526223162	5.631811721219268
850.0	127.14541070311375	5.631032411756334
851.0	127.14245209783903	5.630255789594753
852.0	127.13948944618755	5.629481858885725
853.0	127.13652274793952	5.62871062377448
854.0	127.13355200287505	5.62794208840028
855.0	127.1305772107742	5.627176256896418
856.0	127.1275983714172	5.626413133390219
857.0	127.12461548458413	5.6256527220030375
858.0	127.12162855005509	5.624895026850261
859.0	127.11863756761029	5.624140052041309
860.0	127.1156425370298	5.623387801679629
861.0	127.11264345809374	5.622638279862704
862.0	127.1096403305823	5.621891490682043
863.0	127.10663315427557	5.621147438223192
864.0	127.10362192895367	5.620406126565724
865.0	127.10060665439676	5.619667559783247
866.0	127.09758733038497	5.6189317419433955
867.0	127.09456395669838	5.618198677107839
868.0	127.09153653311719	5.617468369332277
869.0	127.0885050594215	5.616740822666442
870.0	127.08546953539141	5.6160160411540945
871.0	127.0824299608071	5.615294028833028
872.0	127.07938633544869	5.614574789735068
873.0	127.07633865909627	5.613858327886072
874.0	127.07328693153002	5.613144647305924
875.0	127.07023115253006	5.6124337520085446
876.0	127.06717132187647	5.611725646001885
877.0	127.06410743934947	5.611020333287923
878.0	127.06103950472912	5.610317817862674
879.0	127.05796751779556	5.609618103716181
880.0	127.05489147832895	5.608921194832518
881.0	127.0518113861094	5.6082270951897915
882.0	127.04872724091702	5.60753580876014
883.0	127.04563904253199	5.606847339509732
884.0	127.04254679073442	5.606161691398766
885.0	127.0394504853044	5.605478868381477
886.0	127.03635012602211	5.604798874406123
887.0	127.03324571266769	5.604121713415003
888.0	127.0301372450212	5.603447389344438
889.0	127.02702472286285	5.602775906124785
890.0	127.02390814597273	5.602107267680434
891.0	127.02078751413094	5.601441477929802
892.0	127.01766282711769	5.600778540785341
893.0	127.01453408471305	5.600118460153531
894.0	127.01140128669715	5.599461239934886
895.0	127.00826443285017	5.598806884023949
896.0	127.00512352295219	5.598155396309295
897.0	127.00197855678334	5.597506780673533
898.0	126.9988295341238	5.596861040993298
899.0	126.99567645475366	5.596218181139263
900.0	126.99251931845303	5.595578204976125
901.0	126.9893581250021	5.594941116362617
902.0	126.98619287418097	5.594306919151501
903.0	126.98302356576974	5.593675617189574
904.0	126.9798501995486	5.593047214317659
905.0	126.97667277529764	5.592421714370615
906.0	126.973491292797	5.591799121177329
907.0	126.97030575182681	5.591179438560719
908.0	126.96711615216721	5.590562670337738
909.0	126.96392249359829	5.589948820319365
910.0	126.96072477590025	5.589337892310617
911.0	126.95752299885318	5.588729890110536
912.0	126.95431716223717	5.588124817512199
913.0	126.95110726583243	5.587522678302713
914.0	126.94789330941906	5.586923476263215
915.0	126.94467529277715	5.586327215168877
916.0	126.94145321568689	5.585733898788897
917.0	126.93822707792839	5.5851435308865085
918.0	126.93499687928174	5.584556115218976
919.0	126.93176261952713	5.583971655537592
920.0	126.92852429844467	5.583390155587685
921.0	126.92528191581447	5.58281161910861
922.0	126.92203547141669	5.582236049833756
923.0	126.91878496503145	5.581663451490544
924.0	126.91553039643884	5.581093827800425
925.0	126.91227176541906	5.580527182478878
926.0	126.90900907175221	5.579963519235422
927.0	126.90574231521838	5.579402841773599
928.0	126.90247149559778	5.578845153790986
929.0	126.89919661267048	5.578290458979188
930.0	126.89591766621662	5.577738761023846
931.0	126.89263465601636	5.577190063604631
932.0	126.88934758184979	5.5766443703952415
933.0	126.88605644349705	5.576101685063411
934.0	126.8827612407383	5.575562011270905
935.0	126.87946197335367	5.575025352673517
936.0	126.87615864112323	5.574491712921073
937.0	126.87285124382717	5.573961095657431
938.0	126.8695397812456	5.573433504520482
939.0	126.86622425315863	5.572908943142144
940.0	126.86290465934644	5.572387415148369
941.0	126.85958099958913	5.571868924159139
942.0	126.85625327366681	5.571353473788468
943.0	126.85292148135966	5.570841067644404
944.0	126.84958562244778	5.570331709329021
945.0	126.84624569671126	5.569825402438427
946.0	126.84290170393032	5.569322150562762
947.0	126.83955364388501	5.568821957286196
948.0	126.83620151635553	5.56832482618693
949.0	126.83284532112197	5.567830760837198
950.0	126.82948505796443	5.567339764803263
951.0	126.8261207266631	5.566851841645422
952.0	126.8227523269981	5.566366994918001
953.0	126.81937985874951	5.565885228169359
954.0	126.81600332169752	5.565406544941883
955.0	126.81262271562224	5.564930948771996
956.0	126.80923804030378	5.564458443190149
957.0	126.80584929552231	5.5639890317208245
958.0	126.80245648105793	5.563522717882537
959.0	126.79905959669075	5.563059505187833
960.0	126.79565864220096	5.562599397143289
961.0	126.79225361736866	5.562142397249514
962.0	126.78884452197394	5.561688509001146
963.0	126.785431355797	5.561237735886857
964.0	126.78201411861795	5.560790081389349
965.0	126.77859281021688	5.560345548985355
966.0	126.77516743037397	5.559904142145639
967.0	126.77173797886934	5.559465864334998
968.0	126.76830445548308	5.5590307190122585
969.0	126.76486685999537	5.55859870963028
970.0	126.76142519218632	5.5581698396359505
971.0	126.75797945183605	5.557744112470192
972.0	126.75452963872472	5.557321531567956
973.0	126.75107575263243	5.5569021003582275
974.0	126.74761779333932	5.556485822264021
975.0	126.74415576062553	5.55607270070238
976.0	126.7406896542712	5.555662739084386
977.0	126.7372194740564	5.555255940815144
978.0	126.73374521976135	5.554852309293797
979.0	126.73026689116612	5.554451847913514
980.0	126.72678448805082	5.5540545600614974
981.0	126.72329801019566	5.553660449118982
982.0	126.71980745738072	5.553269518461232
983.0	126.71631282938611	5.552881771457545
984.0	126.71281412599201	5.5524972114712465
985.0	126.70931134697852	5.552115841859699
986.0	126.70580449212575	5.551737665974287
987.0	126.70229356121389	5.551362687160437
988.0	126.69877855402305	5.550990908757599
989.0	126.6952594703333	5.550622334099257
990.0	126.69173630992485	5.5502569665129275
991.0	126.6882090725778	5.549894809320157
992.0	126.68467775807225	5.549535865836521
993.0	126.6811423661884	5.5491801393716305
994.0	126.67760289670632	5.548827633229125
995.0	126.67405934940614	5.548478350706677
996.0	126.67051172406804	5.548132295095989
997.0	126.6669600204721	5.547789469682794
998.0	126.66340423839847	5.547449877746859
999.0	126.6598443776273	5.54711352256198
1000.0	126.65628043793869	5.5467804073959845
1001.0	126.65271241911276	5.546450535510732
1002.0	126.64914032092969	5.546123910162113
1003.0	126.6455641431696	5.54580053460005
1004.0	126.64198388561255	5.545480412068496
1005.0	126.63839954803876	5.545163545805433
1006.0	126.63481113022831	5.544849939042881
1007.0	126.63121863196133	5.544539595006882
1008.0	126.62762205301799	5.544232516917517
1009.0	126.6240213931784	5.543928707988895
1010.0	126.62041665222264	5.543628171429157
1011.0	126.61680782993093	5.543330910440474
1012.0	126.61319492608335	5.54303692821905
1013.0	126.60957794046	5.542746227955118
1014.0	126.60595687284108	5.5424588128329475
1015.0	126.60233172300669	5.542174686030831
1016.0	126.59870249073691	5.541893850721099
1017.0	126.59506917581196	5.541616310070113
1018.0	126.59143177801192	5.54134206723826
1019.0	126.58779029711691	5.541071125379966
1020.0	126.58414473290709	5.5408034876436805
1021.0	126.5804950851626	5.540539157171892
1022.0	126.5768413536635	5.540278137101113
1023.0	126.57318353819001	5.540020430561895
1024.0	126.5695216385222	5.5397660406788125
1025.0	126.56585565444021	5.539514970570476
1026.0	126.56218558572421	5.53926722334953
1027.0	126.55851143215429	5.539022802122643
1028.0	126.55483319351056	5.53878170999052
1029.0	126.5511508695732	5.538543950047896
1030.0	126.54746446012234	5.5383095253835375
1031.0	126.54377396493805	5.538078439080241
1032.0	126.54007938380055	5.5378506942148364
1033.0	126.5363807164899	5.5376262938581835
1034.0	126.53267796278624	5.537405241075172
1035.0	126.52897112246973	5.537187538924727
1036.0	126.52526019532048	5.5369731904598005
1037.0	126.5215451811186	5.536762198727379
1038.0	126.51782607964427	5.536554566768476
1039.0	126.51410289067759	5.536350297618142
1040.0	126.51037561399868	5.536149394305457
1041.0	126.5066442493877	5.535951859853527
1042.0	126.50290879662477	5.535757697279497
1043.0	126.49916925548999	5.535566909594538
1044.0	126.49542562576353	5.535379499803854
1045.0	126.49167790722552	5.535195470906682
1046.0	126.48792609965605	5.535014825896287
1047.0	126.48417020283529	5.534837567759968
1048.0	126.48041021654336	5.534663699479054
1049.0	126.47664614056038	5.534493224028903
1050.0	126.47287797466649	5.53432614437891
1051.0	126.46910571864183	5.534162463492496
1052.0	126.46532937226648	5.534002184327116
1053.0	126.46154893532065	5.5338453098342555
1054.0	126.45776440758442	5.533691842959431
1055.0	126.4539757888379	5.533541786642189
1056.0	126.45018307886129	5.533395143816113
1057.0	126.44638627743466	5.53325191740881
1058.0	126.44258538433814	5.533112110341923
1059.0	126.43878039935191	5.5329757255311245
1060.0	126.43497132225608	5.53284276588612
1061.0	126.43115815283072	5.532713234310645
1062.0	126.42734089085606	5.5325871337024655
1063.0	126.42351953611217	5.532464466953381
1064.0	126.41969408837917	5.5323452369492205
1065.0	126.41586454743724	5.532229446569844
1066.0	126.41203091306647	5.532117098689145
1067.0	126.408193185047	5.532008196175046
1068.0	126.40435136315898	5.5319027418895015
1069.0	126.40050544718251	5.531800738688498
1070.0	126.39665543689772	5.531702189422053
1071.0	126.39280133208479	5.531607096934214
1072.0	126.38894313252379	5.531515464063061
1073.0	126.38508083799486	5.531427293640705
1074.0	126.38121444827819	5.531342588493287
1075.0	126.37734396315383	5.531261351440984
1076.0	126.37346938240195	5.531183585297998
1077.0	126.3695907058027	5.531109292872566
1078.0	126.36570793313616	5.531038476966955
1079.0	126.36182106418248	5.5309711403774635
1080.0	126.35793009872182	5.530907285894422
1081.0	126.3540350365343	5.530846916302192
1082.0	126.35013587739999	5.530790034379164
1083.0	126.3462326210991	5.530736642897764
1084.0	126.34232526741174	5.530686744624445
1085.0	126.33841381611799	5.530640342319696
1086.0	126.33449826699805	5.530597438738033
1087.0	126.33057861983202	5.530558036628004
1088.0	126.3266548744	5.530522138732191
1089.0	126.3227270304822	5.530489747787204
1090.0	126.31879508785867	5.530460866523685
1091.0	126.31485904630956	5.530435497666311
1092.0	126.31091890561503	5.530413643933783
1093.0	126.3069746655552	5.530395308038841
1094.0	126.30302632591015	5.530380492688251
1095.0	126.29907388646009	5.530369200582813
1096.0	126.29511734698511	5.530361434417356
1097.0	126.29115670726532	5.530357196880743
1098.0	126.2871919670809	5.530356490655866
1099.0	126.28322312621195	5.5303593184196504
1100.0	126.27925018443857	5.530365682843049
1101.0	126.27527314154096	5.5303755865910516
1102.0	126.27129199729922	5.530389032322674
1103.0	126.26730675149344	5.530406022690967
1104.0	126.2633174039038	5.530426560343009
1105.0	126.25932395431043	5.5304506479199125
1106.0	126.25532640249341	5.530478288056822
1107.0	126.25132474823295	5.530509483382911
1108.0	126.24731899130911	5.530544236521385
1109.0	126.24330913150204	5.53058255008948
1110.0	126.2392951685919	5.530624426698466
1111.0	126.2352771023588	5.530669868953641
1112.0	126.23125493258283	5.530718879454336
1113.0	126.22722865904419	5.530771460793914
1114.0	126.22319828152295	5.530827615559767
1115.0	126.21916379979929	5.530887346333319
1116.0	126.21512521365334	5.530950655690028
1117.0	126.21108252286515	5.53101754619938
1118.0	126.20703572721497	5.5310880204248924
1119.0	126.20298482648285	5.531162080924116
1120.0	126.19892982044892	5.531239730248632
1121.0	126.19487070889336	5.531320970944051
1122.0	126.19080749159626	5.531405805550018
1123.0	126.18674016833774	5.5314942366002064
1124.0	126.18266873889799	5.531586266622323
1125.0	126.17859320305708	5.531681898138106
1126.0	126.17451356059514	5.531781133663322
1127.0	126.17042981129237	5.531883975707771
1128.0	126.16634195492884	5.531990426775286
1129.0	126.16224999128465	5.532100489363728
1130.0	126.15815392014002	5.532214165964992
1131.0	126.15405374127504	5.532331459065
1132.0	126.14994945446979	5.5324523711437115
1133.0	126.14584105950448	5.532576904675111
1134.0	126.1417285561592	5.53270506212722
1135.0	126.13761194421406	5.532836845962088
1136.0	126.13349122344924	5.532972258635794
1137.0	126.12936639364484	5.533111302598451
1138.0	126.12523745458098	5.533253980294207
1139.0	126.12110440603783	5.533400294161232
1140.0	126.1169672477955	5.5335502466317354
1141.0	126.1128259796341	5.533703840131953
1142.0	126.10868060133379	5.533861077082156
1143.0	126.10453111267468	5.534021959896643
1144.0	126.1003775134369	5.534186490983746
1145.0	126.0962198034006	5.5343546727458275
1146.0	126.0920579823459	5.534526507579281
1147.0	126.08789205005291	5.534701997874533
1148.0	126.0837220063018	5.5348811460160405
1149.0	126.07954785087269	5.535063954382289
1150.0	126.07536958354567	5.535250425345801
1151.0	126.07118720410091	5.535440561273123
1152.0	126.06700071231855	5.535634364524839
1153.0	126.06281010797866	5.535831837455563
1154.0	126.05861539086145	5.536032982413936
1155.0	126.054416560747	5.536237801742637
1156.0	126.05021361741544	5.53644629777837
1157.0	126.04600656064693	5.536658472851876
1158.0	126.04179539022158	5.536874329287921
1159.0	126.0375801059195	5.537093869405307
1160.0	126.03336070752087	5.537317095516867
1161.0	126.0291371948058	5.537544009929464
1162.0	126.02490956755437	5.5377746149439915
1163.0	126.0206778255468	5.538008912855375
1164.0	126.01644196856317	5.5382469059525725
1165.0	126.01220199638358	5.53848859651857
1166.0	126.00795790878823	5.53873398683039
1167.0	126.00370970555721	5.538983079159082
1168.0	125.99945738647062	5.539235875769728
1169.0	125.99520095130868	5.539492378921443
1170.0	125.99094039985144	5.5397525908673675
1171.0	125.98667573187905	5.540016513854682
1172.0	125.98240694717165	5.540284150124591
1173.0	125.97813404550939	5.540555501912333
1174.0	125.97385702667233	5.54083057144718
1175.0	125.9695758904407	5.54110936095243
1176.0	125.96529063659456	5.541391872645418
1177.0	125.96100126491403	5.541678108737506
1178.0	125.95670777517931	5.541968071434089
1179.0	125.95241016717048	5.542261762934593
1180.0	125.94810844066767	5.542559185432476
1181.0	125.94380259545102	5.542860341115225
1182.0	125.93949263130068	5.5431652321643625
1183.0	125.93517854799673	5.543473860755438
1184.0	125.93086034531935	5.5437862290580355
1185.0	125.92653802304866	5.544102339235765
1186.0	125.92221158096474	5.544422193446277
1187.0	125.91788101884781	5.544745793841244
1188.0	125.91354633647794	5.545073142566373
1189.0	125.90920753363525	5.545404241761407
1190.0	125.90486461009992	5.545739093560112
1191.0	125.90051756565205	5.546077700090291
1192.0	125.89616640007175	5.546420063473778
1193.0	125.8918111131392	5.546766185826433
1194.0	125.8874517046345	5.547116069258156
1195.0	125.88308817433776	5.54746971587287
1196.0	125.87872052202917	5.547827127768535
1197.0	125.87434874748881	5.548188307037139
1198.0	125.86997285049681	5.548553255764702
1199.0	125.86559283083334	5.548921976031276
1200.0	125.86120868827851	5.5492944699109445
1201.0	125.85682042261242	5.549670739471821
1202.0	125.85242803361524	5.550050786776051
1203.0	125.8480315210671	5.550434613879811
1204.0	125.84363088474808	5.550822222833309
1205.0	125.83922612443838	5.551213615680785
1206.0	125.83481723991811	5.551608794460508
1207.0	125.83040423096735	5.5520077612047825
1208.0	125.8259870973663	5.552410517939938
1209.0	125.82156583889505	5.552817066686341
1210.0	125.81714045533373	5.553227409458388
1211.0	125.81271094646249	5.553641548264504
1212.0	125.80827731206145	5.554059485107148
1213.0	125.80383955191073	5.554481221982808
1214.0	125.79939766579048	5.554906760882007
1215.0	125.79495165348084	5.555336103789297
1216.0	125.79050151476187	5.555769252683259
1217.0	125.7860472494138	5.5562062095365095
1218.0	125.7815888572167	5.556646976315693
1219.0	125.77712633795069	5.557091554981488
1220.0	125.77265969139594	5.557539947488602
1221.0	125.76818891733258	5.557992155785773
1222.0	125.7637140155407	5.558448181815776
1223.0	125.75923498580046	5.558908027515409
1224.0	125.754751827892	5.559371694815509
1225.0	125.7502645415954	5.559839185640938
1226.0	125.74577312669085	5.560310501910593
1227.0	125.74127758295846	5.560785645537402
1228.0	125.73677791017832	5.561264618428322
1229.0	125.73227410813064	5.561747422484345
1230.0	125.7277661765955	5.562234059600491
1231.0	125.723254115353	5.562724531665811
1232.0	125.71873792418333	5.56321884056339
1233.0	125.71421760286661	5.563716988170344
1234.0	125.70969315118292	5.564218976357818
1235.0	125.70516456891247	5.564724806990988
1236.0	125.70063185583533	5.565234481929067
1237.0	125.69609501173163	5.56574800302529
1238.0	125.69155403638155	5.5662653721269315
1239.0	125.68700892956518	5.566786591075293
1240.0	125.68245969106263	5.567311661705709
1241.0	125.6779063206541	5.567840585847544
1242.0	125.67334881811968	5.568373365324195
1243.0	125.66878718323946	5.568910001953089
1244.0	125.66422141579365	5.569450497545686
1245.0	125.65965151556233	5.569994853907475
1246.0	125.65507748232561	5.570543072837978
1247.0	125.6504993158637	5.571095156130748
1248.0	125.64591701595667	5.571651105573369
1249.0	125.64133058238463	5.5722109229474555
1250.0	125.63674001492777	5.572774610028656
1251.0	125.6321453133662	5.573342168586646
1252.0	125.62754647748001	5.573913600385136
1253.0	125.6229435070494	5.574488907181867
1254.0	125.61833640185445	5.57506809072861
1255.0	125.61372516167529	5.575651152771168
1256.0	125.60910978629208	5.576238095049375
1257.0	125.60449027548495	5.576828919297096
1258.0	125.59986662903397	5.577423627242229
1259.0	125.59523884671935	5.578022220606703
1260.0	125.5906069283212	5.578624701106475
1261.0	125.58597087361959	5.579231070451536
1262.0	125.58133068239474	5.579841330345909
1263.0	125.57668635442671	5.580455482487647
1264.0	125.57203788949566	5.581073528568833
1265.0	125.56738528738173	5.581695470275586
1266.0	125.56272854786504	5.58232130928805
1267.0	125.55806767072569	5.582951047280403
1268.0	125.55340265574387	5.583584685920856
1269.0	125.54873350269966	5.584222226871651
1270.0	125.5440602113732	5.584863671789057
1271.0	125.53938278154466	5.58550902232338
1272.0	125.53470121299412	5.586158280118953
1273.0	125.53001550550172	5.586811446814143
1274.0	125.52532565884763	5.587468524041347
1275.0	125.52063167281194	5.588129513426993
1276.0	125.51593354717477	5.58879441659154
1277.0	125.51123128171629	5.589463235149481
1278.0	125.50652487621662	5.590135970709337
1279.0	125.50181433045586	5.590812624873662
1280.0	125.49709964421417	5.591493199239041
1281.0	125.4923808172717	5.592177695396089
1282.0	125.4876578494085	5.592866114929455
1283.0	125.4829307404048	5.5935584594178165
1284.0	125.47819949004064	5.594254730433884
1285.0	125.47346409809623	5.594954929544398
1286.0	125.46872456435166	5.595659058310133
1287.0	125.46398088858705	5.59636711828589
1288.0	125.45923307058256	5.597079111020506
1289.0	125.45448111011831	5.597795038056845
1290.0	125.44972500697439	5.598514900931809
1291.0	125.444964760931	5.599238701176322
1292.0	125.44020037176823	5.599966440315348
1293.0	125.4354318392662	5.600698119867875
1294.0	125.43065916320508	5.601433741346929
1295.0	125.42588234336498	5.602173306259561
1296.0	125.421101379526	5.602916816106858
1297.0	125.4163162714683	5.603664272383936
1298.0	125.41152701897204	5.6044156765799436
1299.0	125.40673362181728	5.605171030178058
1300.0	125.40193607978422	5.605930334655492
1301.0	125.39713439265296	5.606693591483484
1302.0	125.3923285602036	5.60746080212731
1303.0	125.38751858221632	5.608231968046273
1304.0	125.38270445847122	5.609007090693709
1305.0	125.37788618874843	5.6097861715169826
1306.0	125.37306377282813	5.610569211957494
1307.0	125.36823721049039	5.611356213450671
1308.0	125.36340650151534	5.612147177425976
1309.0	125.35857164568317	5.6129421053068995
1310.0	125.35373264277396	5.6137409985109645
1311.0	125.34888949256782	5.614543858449725
1312.0	125.34404219484496	5.615350686528768
1313.0	125.33919074938545	5.61616148414771
1314.0	125.3343351559694	5.616976252700198
1315.0	125.32947541437701	5.617794993573912
1316.0	125.32461152438837	5.618617708150564
1317.0	125.31974348578359	5.619444397805895
1318.0	125.31487129834285	5.620275063909677
1319.0	125.30999496184626	5.621109707825718
1320.0	125.30511447607391	5.62194833091185
1321.0	125.30022984080601	5.6227909345199425
1322.0	125.29534105582263	5.623637519995892
1323.0	125.29044812090389	5.624488088679631
1324.0	125.28555103582998	5.625342641905117
1325.0	125.28064980038098	5.626201181000346
1326.0	125.27574441433704	5.627063707287339
1327.0	125.2708348774783	5.627930222082151
1328.0	125.26592118958487	5.628800726694866
1329.0	125.26100335043687	5.629675222429606
1330.0	125.25608135981447	5.630553710584517
1331.0	125.25115521749778	5.631436192451778
1332.0	125.24622492326691	5.632322669317602
1333.0	125.24129047690202	5.63321314246223
1334.0	125.23635187818324	5.634107613159936
1335.0	125.23140912689067	5.635006082679024
1336.0	125.22646222280449	5.635908552281832
1337.0	125.22151116570478	5.636815023224728
1338.0	125.21655595537169	5.637725496758109
1339.0	125.21159659158536	5.638639974126406
1340.0	125.20663307412592	5.6395584565680785
1341.0	125.20166540277346	5.6404809453156215
1342.0	125.19669357730817	5.641407441595559
1343.0	125.19171759751015	5.642337946628444
1344.0	125.18673746315952	5.643272461628863
1345.0	125.18175317403643	5.644210987805436
1346.0	125.17676472992102	5.645153526360811
1347.0	125.17177213059337	5.646100078491667
1348.0	125.16677537583368	5.647050645388717
1349.0	125.16177446542204	5.648005228236702
1350.0	125.15676939913855	5.648963828214399
1351.0	125.15176017676342	5.64992644649461
1352.0	125.14674679807672	5.650893084244174
1353.0	125.14172926285858	5.651863742623958
1354.0	125.13670757088916	5.652838422788862
1355.0	125.13168172194858	5.653817125887814
1356.0	125.12665171581695	5.654799853063779
1357.0	125.12161755227444	5.6557866054537485
1358.0	125.11657923110116	5.656777384188746
1359.0	125.1115367520772	5.657772190393828
1360.0	125.10649011498276	5.658771025188081
1361.0	125.10143931959794	5.659773889684624
1362.0	125.09638436570285	5.660780784990604
1363.0	125.09132525307766	5.661791712207204
1364.0	125.08626198150247	5.662806672429635
1365.0	125.08119455075742	5.66382566674714
1366.0	125.07612296062264	5.664848696242994
1367.0	125.07104721087828	5.665875761994503
1368.0	125.06596730130441	5.666906865073002
1369.0	125.06088323168123	5.667942006543862
1370.0	125.05579500178885	5.668981187466481
1371.0	125.05070261140736	5.670024408894291
1372.0	125.04560606031694	5.671071671874751
1373.0	125.04050534829771	5.672122977449359
1374.0	125.03540047512978	5.673178326653636
1375.0	125.0302914405933	5.67423772051714
1376.0	125.0251782444684	5.675301160063456
1377.0	125.02006088653518	5.676368646310205
1378.0	125.01493936657381	5.677440180269036
1379.0	125.00981368436442	5.678515762945629
1380.0	125.00468383968709	5.679595395339698
1381.0	124.99954983232202	5.680679078444984
1382.0	124.9944116620493	5.681766813249264
1383.0	124.98926932864903	5.682858600734345
1384.0	124.98412283190142	5.683954441876062
1385.0	124.97897217158655	5.685054337644285
1386.0	124.97381734748453	5.686158289002913
1387.0	124.96865835937554	5.687266296909878
1388.0	124.96349520703968	5.688378362317143
1389.0	124.95832789025708	5.6894944861707
1390.0	124.9531564088079	5.690614669410577
1391.0	124.94798076247224	5.691738912970827
1392.0	124.94280095103021	5.692867217779539
1393.0	124.937616974262	5.693999584758833
1394.0	124.93242883194772	5.6951360148248575
1395.0	124.92723652386745	5.696276508887795
1396.0	124.9220400498014	5.697421067851858
1397.0	124.91683940952964	5.69856969261529
1398.0	124.91163460283231	5.699722384070366
1399.0	124.90642562948958	5.700879143103394
1400.0	124.90121248928153	5.70203997059471
1401.0	124.89599518198831	5.703204867418684
1402.0	124.89077370739007	5.704373834443716
1403.0	124.88554806526692	5.7055468725322385
1404.0	124.88031825539896	5.706723982540714
1405.0	124.8750842775664	5.7079051653196355
1406.0	124.86984613154931	5.7090904217135305
1407.0	124.8646038171278	5.710279752560954
1408.0	124.85935733408208	5.711473158694495
1409.0	124.85410668219221	5.712670640940771
1410.0	124.84885186123833	5.713872200120436
1411.0	124.84359287100061	5.715077837048168
1412.0	124.83832971125916	5.716287552532683
1413.0	124.83306238179408	5.717501347376723
1414.0	124.82779088238554	5.718719222377066
1415.0	124.82251521281367	5.719941178324517
1416.0	124.81723537285856	5.721167216003916
1417.0	124.81195136230039	5.722397336194132
1418.0	124.80666318091926	5.723631539668063
1419.0	124.8013708284953	5.724869827192645
1420.0	124.79607430480866	5.726112199528838
1421.0	124.79077360963946	5.72735865743164
1422.0	124.78546874276779	5.728609201650073
1423.0	124.78015970397387	5.7298638329271965
1424.0	124.77484649303776	5.731122552000099
1425.0	124.7695291097396	5.732385359599899
1426.0	124.76420755385953	5.733652256451749
1427.0	124.7588818251777	5.734923243274828
1428.0	124.75355192347419	5.7361983207823535
1429.0	124.7482178485292	5.737477489681569
1430.0	124.7428796001228	5.738760750673749
1431.0	124.73753717803513	5.740048104454202
1432.0	124.73219058204634	5.741339551712267
1433.0	124.72683981193657	5.742635093131312
1434.0	124.7214848674859	5.743934729388741
1435.0	124.71612574847452	5.745238461155984
1436.0	124.71076245468254	5.746546289098505
1437.0	124.70539498589004	5.7478582138758
1438.0	124.70002334187723	5.7491742361413944
1439.0	124.6946475224242	5.750494356542846
1440.0	124.68926752731107	5.751818575721744
1441.0	124.683883356318	5.753146894313708
1442.0	124.67849500922512	5.754479312948388
1443.0	124.67310248581249	5.75581583224947
1444.0	124.66770578586035	5.757156452834666
1445.0	124.66230490914876	5.75850117531572
1446.0	124.65689985545785	5.759850000298409
1447.0	124.65149062456778	5.761202928382542
1448.0	124.64607721625869	5.7625599601619575
1449.0	124.64065963031064	5.763921096224525
1450.0	124.63523786650384	5.765286337152147
1451.0	124.6298119246184	5.766655683520755
1452.0	124.62438180443439	5.7680291359003135
1453.0	124.61894750573202	5.769406694854819
1454.0	124.61350902829138	5.770788360942297
1455.0	124.60806637189262	5.772174134714806
1456.0	124.60261953631586	5.773564016718434
1457.0	124.5971685213412	5.774958007493303
1458.0	124.59171332674885	5.776356107573564
1459.0	124.58625395231887	5.7777583174874
1460.0	124.5807903978314	5.7791646377570265
1461.0	124.57532266306659	5.7805750688986866
1462.0	124.56985074780457	5.781989611422659
1463.0	124.56437465182543	5.783408265833251
1464.0	124.55889437490936	5.784831032628802
1465.0	124.55340991683647	5.786257912301682
1466.0	124.54792127738685	5.787688905338296
1467.0	124.54242845634069	5.789124012219073
1468.0	124.53693145347809	5.790563233418481
1469.0	124.53143026857917	5.792006569405014
1470.0	124.52592490142409	5.793454020641198
1471.0	124.52041535179298	5.794905587583593
1472.0	124.5149016194659	5.796361270682788
1473.0	124.50938370422308	5.797821070383405
1474.0	124.5038616058446	5.799284987124095
1475.0	124.49833532411058	5.80075302133754
1476.0	124.49280485880118	5.8022251734504575
1477.0	124.48727020969653	5.803701443883591
1478.0	124.4817313765767	5.805181833051719
1479.0	124.47618835922192	5.806666341363651
1480.0	124.47064115741225	5.808154969222224
1481.0	124.46508977092782	5.809647717024311
1482.0	124.4595341995488	5.811144585160815
1483.0	124.45397444305529	5.812645574016668
1484.0	124.44841050122741	5.814150683970834
1485.0	124.44284237384534	5.815659915396312
1486.0	124.43727006068917	5.817173268660127
1487.0	124.43169356153902	5.81869074412334
1488.0	124.42611287617507	5.820212342141039
1489.0	124.42052800437742	5.821738063062346
1490.0	124.41493894592617	5.823267907230413
1491.0	124.40934570060149	5.824801874982424
1492.0	124.40374826818353	5.826339966649594
1493.0	124.39814664845235	5.82788218255717
1494.0	124.39254084118815	5.829428523024429
1495.0	124.38693084617104	5.83097898836468
1496.0	124.38131666318111	5.832533578885264
1497.0	124.37569829199855	5.834092294887551
1498.0	124.37007573240346	5.835655136666944
1499.0	124.36444898417595	5.837222104512878
1500.0	124.35881804709621	5.838793198708816
1501.0	124.35318292094432	5.8403684195322585
1502.0	124.3475436055004	5.84194776725473
1503.0	124.34190010054463	5.843531242141791
1504.0	124.33625240585712	5.845118844453031
1505.0	124.33060052121797	5.8467105744420715
1506.0	124.32494444640737	5.8483064323565666
1507.0	124.3192841812054	5.8499064184382
1508.0	124.3136197253922	5.851510532922687
1509.0	124.30795107874792	5.853118776039773
1510.0	124.30227824105268	5.854731148013239
1511.0	124.29660121208657	5.856347649060892
1512.0	124.2909199916298	5.857968279394573
1513.0	124.28523457946245	5.859593039220154
1514.0	124.27954497536464	5.861221928737538
1515.0	124.27385117911655	5.86285494814066
1516.0	124.26815319049827	5.864492097617485
1517.0	124.2624510092899	5.8661333773500095
1518.0	124.25674463527164	5.867778787514263
1519.0	124.25103406822362	5.8694283282803035
1520.0	124.24531930792588	5.8710819998122235
1521.0	124.23960035415865	5.872739802268144
1522.0	124.23387720670202	5.874401735800218
1523.0	124.2281498653361	5.87606780055463
1524.0	124.22241832984106	5.877737996671597
1525.0	124.21668259999703	5.879412324285363
1526.0	124.21094267558408	5.881090783524212
1527.0	124.20519855638241	5.882773374510449
1528.0	124.19945024217212	5.884460097360417
1529.0	124.19369773273333	5.886150952184488
1530.0	124.1879410278462	5.8878459390870646
1531.0	124.18218012729085	5.889545058166582
1532.0	124.17641503084737	5.891248309515507
1533.0	124.17064573829596	5.892955693220336
1534.0	124.1648722494167	5.894667209361597
1535.0	124.15909456398973	5.896382858013851
1536.0	124.1533126817952	5.89810263924569
1537.0	124.14752660261323	5.899826553119736
1538.0	124.1417363262239	5.9015545996926395
1539.0	124.13594185240744	5.903286779015089
1540.0	124.13014318094392	5.905023091131801
1541.0	124.12434031161345	5.906763536081521
1542.0	124.11853324419621	5.908508113897028
1543.0	124.11272197847232	5.910256824605133
1544.0	124.10690651422186	5.912009668226677
1545.0	124.10108685122503	5.913766644776533
1546.0	124.09526298926193	5.9155277542636036
1547.0	124.08943492811265	5.917292996690827
1548.0	124.0836026675574	5.919062372055165
1549.0	124.07776620737627	5.92083588034762
1550.0	124.07192554734935	5.922613521553217
1551.0	124.06608068725686	5.924395295651019
1552.0	124.06023162687886	5.926181202614116
1553.0	124.05437836599548	5.927971242409633
1554.0	124.0485209043869	5.929765414998721
1555.0	124.04265924183322	5.931563720336568
1556.0	124.03679337811455	5.9333661583723885
1557.0	124.03092331301107	5.935172729049433
1558.0	124.02504904630288	5.936983432304977
1559.0	124.01917057777008	5.938798268070335
1560.0	124.01328790719288	5.940617236270846
1561.0	124.00740103435135	5.942440336825884
1562.0	124.0015099590256	5.944267569648854
1563.0	123.99561468099583	5.94609893464719
1564.0	123.98971520004214	5.947934431722358
1565.0	123.98381151594462	5.94977406076986
1566.0	123.97790362848346	5.951617821679223
1567.0	123.97199153743878	5.953465714334006
1568.0	123.96607524259065	5.955317738611804
1569.0	123.96015474371929	5.957173894384239
1570.0	123.95423004060478	5.959034181516966
1571.0	123.94830113302723	5.960898599869667
1572.0	123.94236802076682	5.962767149296066
1573.0	123.93643070360366	5.964639829643905
1574.0	123.93048918131785	5.966516640754967
1575.0	123.9245434536896	5.968397582465061
1576.0	123.91859352049896	5.970282654604031
1577.0	123.91263938152606	5.972171856995749
1578.0	123.9066810365511	5.974065189458121
1579.0	123.90071848535418	5.97596265180308
1580.0	123.89475172771537	5.977864243836597
1581.0	123.88878076341489	5.979769965358669
1582.0	123.88280559223283	5.981679816163325
1583.0	123.87682621394929	5.983593796038626
1584.0	123.87084262834445	5.985511904766667
1585.0	123.86485483519843	5.987434142123567
1586.0	123.85886283429133	5.989360507879486
1587.0	123.85286662540332	5.991291001798606
1588.0	123.84686620831452	5.993225623639146
1589.0	123.84086158280503	5.995164373153355
1590.0	123.83485274865502	5.997107250087513
1591.0	123.82883970564461	5.999054254181932
1592.0	123.8228224535539	6.001005385170952
1593.0	123.81680099216307	6.0029606427829485
1594.0	123.81077532125221	6.004920026740327
1595.0	123.80474544060145	6.006883536759522
1596.0	123.79871134999097	6.008851172551004
1597.0	123.79267304920086	6.010822933819268
1598.0	123.78663053801122	6.012798820262849
1599.0	123.78058381620225	6.014778831574305
1600.0	123.77453288355404	6.01676296744023
1601.0	123.7684777398467	6.018751227541247
1602.0	123.76241838486042	6.020743611552011
1603.0	123.7563548183753	6.022740119141211
1604.0	123.75028704017144	6.024740749971563
1605.0	123.74421505002903	6.026745503699816
1606.0	123.73813884772815	6.028754379976751
1607.0	123.73205843304893	6.0307673784471785
1608.0	123.72597380577156	6.032784498749943
1609.0	123.71988496567612	6.0348057405179185
1610.0	123.71379191254272	6.036831103378009
1611.0	123.70769464615155	6.038860586951152
1612.0	123.70159316628272	6.040894190852316
1613.0	123.69548747271631	6.0429319146905005
1614.0	123.68937756523252	6.0449737580687355
1615.0	123.68326344361145	6.047019720584084
1616.0	123.67714510763321	6.049069801827637
1617.0	123.67102255707798	6.05112400138452
1618.0	123.66489579172585	6.053182318833887
1619.0	123.65876481135695	6.055244753748929
1620.0	123.65262961575145	6.05731130569686
1621.0	123.64649020468944	6.059381974238932
1622.0	123.64034657795105	6.061456758930424
1623.0	123.63419873531645	6.06353565932065
1624.0	123.6280466765657	6.065618674952955
1625.0	123.62189040147902	6.0677058053647075
1626.0	123.61572990983649	6.069797050087317
1627.0	123.60956520141822	6.071892408646221
1628.0	123.60339627600439	6.073991880560888
1629.0	123.59722313337511	6.0760954653448165
1630.0	123.59104577331048	6.078203162505538
1631.0	123.58486419559068	6.080314971544615
1632.0	123.57867839999582	6.082430891957641
1633.0	123.57248838630599	6.084550923234239
1634.0	123.5662941543014	6.08667506485807
1635.0	123.56009570376213	6.088803316306814
1636.0	123.55389303446829	6.0909356770521965
1637.0	123.54768614620006	6.093072146559962
1638.0	123.54147503873756	6.095212724289897
1639.0	123.53525971186089	6.0973574096958085
1640.0	123.52904016535021	6.099506202225544
1641.0	123.52281639898564	6.101659101320976
1642.0	123.51658841254729	6.103816106418014
1643.0	123.51035620581534	6.1059772169465925
1644.0	123.50411977856989	6.108142432330681
1645.0	123.49787913059104	6.110311751988281
1646.0	123.49163426165897	6.112485175331422
1647.0	123.48538517155382	6.114662701766166
1648.0	123.47913186005563	6.1168443306926115
1649.0	123.47287432694465	6.119030061504878
1650.0	123.46661257200094	6.121219893591125
1651.0	123.46034659500461	6.12341382633354
1652.0	123.45407639573585	6.125611859108341
1653.0	123.44780197397478	6.12781399128578
1654.0	123.44152332950148	6.1300202222301365
1655.0	123.43524046209613	6.132230551299724
1656.0	123.42895337153885	6.13444497784689
1657.0	123.42266205760974	6.136663501218004
1658.0	123.41636652008899	6.138886120753475
1659.0	123.41006675875668	6.141112835787744
1660.0	123.40376277339294	6.143343645649275
1661.0	123.39745456377796	6.1455785496605735
1662.0	123.3911421296918	6.147817547138167
1663.0	123.38482547091459	6.150060637392621
1664.0	123.37850458722653	6.152307819728528
1665.0	123.3721794784077	6.154559093444517
1666.0	123.36585014423821	6.15681445783324
1667.0	123.35951658449825	6.15907391218139
1668.0	123.35317879896792	6.161337455769682
1669.0	123.34683678742732	6.163605087872871
1670.0	123.34049054965664	6.165876807759735
1671.0	123.33414008543596	6.16815261469309
1672.0	123.32778539454543	6.170432507929778
1673.0	123.32142647676518	6.172716486720678
1674.0	123.31506333187536	6.175004550310694
1675.0	123.30869595965605	6.1772966979387665
1676.0	123.30232435988744	6.179592928837862
1677.0	123.29594853234963	6.181893242234986
1678.0	123.28956847682272	6.184197637351168
1679.0	123.28318419308691	6.18650611340147
1680.0	123.27679568092229	6.18881866959499
1681.0	123.27040294010895	6.191135305134852
1682.0	123.2640059704271	6.193456019218213
1683.0	123.25760477165684	6.19578081103626
1684.0	123.25119934357826	6.198109679774218
1685.0	123.24478968597157	6.200442624611334
1686.0	123.23837579861683	6.2027796447208905
1687.0	123.23195768129418	6.205120739270202
1688.0	123.2255353337838	6.207465907420614
1689.0	123.21910875586576	6.209815148327501
1690.0	123.2126779473202	6.212168461140273
1691.0	123.2062429079273	6.214525845002365
1692.0	123.19980363746716	6.216887299051249
1693.0	123.19336013571987	6.219252822418428
1694.0	123.18691240246562	6.221622414229432
1695.0	123.18046043748454	6.223996073603824
1696.0	123.17400424055668	6.226373799655204
1697.0	123.16754381146228	6.228755591491193
1698.0	123.16107914998142	6.231141448213452
1699.0	123.15461025589418	6.233531368917666
1700.0	123.14813712898078	6.2359253526935605
1701.0	123.1416597690213	6.238323398624884
1702.0	123.13517817579586	6.240725505789419
1703.0	123.12869234908464	6.24313167325898
1704.0	123.12220228866774	6.245541900099412
1705.0	123.11570799432526	6.247956185370592
1706.0	123.1092094658374	6.250374528126428
1707.0	123.10270670298424	6.25279692741486
1708.0	123.09619970554589	6.255223382277855
1709.0	123.08968847330254	6.257653891751417
1710.0	123.0831730060343	6.26008845486558
1711.0	123.07665330352125	6.262527070644408
1712.0	123.07012936554361	6.264969738105994
1713.0	123.06360119188146	6.267416456262464
1714.0	123.0570687823149	6.269867224119982
1715.0	123.05053213662413	6.272322040678732
1716.0	123.04399125458923	6.274780904932936
1717.0	123.03744613599032	6.277243815870847
1718.0	123.03089678060759	6.279710772474747
1719.0	123.02434318822114	6.28218177372095
1720.0	123.01778535861106	6.284656818579802
1721.0	123.01122329155754	6.28713590601568
1722.0	123.0046569868407	6.289619034986993
1723.0	122.99808644424061	6.2921062044461795
1724.0	122.9915116635375	6.294597413339711
1725.0	122.98493264451143	6.297092660608089
1726.0	122.97834938694251	6.299591945185847
1727.0	122.97176189061095	6.302095266001551
1728.0	122.96517015529685	6.304602621977795
1729.0	122.95857418078027	6.307114012031205
1730.0	122.95197396684145	6.309629435072442
1731.0	122.94536951326046	6.312148890006196
1732.0	122.93876081981742	6.3146723757311864
1733.0	122.9321478862925	6.317199891140165
1734.0	122.92553071246581	6.319731435119915
1735.0	122.91890929811746	6.322267006551254
1736.0	122.91228364302762	6.324806604309028
1737.0	122.90565374697641	6.3273502272621105
1738.0	122.89901960974392	6.329897874273412
1739.0	122.89238123111033	6.332449544199874
1740.0	122.88573861085577	6.335005235892467
1741.0	122.87909174876032	6.337564948196191
1742.0	122.87244064460415	6.340128679950082
1743.0	122.86578529816741	6.342696429987205
1744.0	122.85912570923016	6.345268197134658
1745.0	122.85246187757261	6.347843980213564
1746.0	122.84579380297485	6.350423778039085
1747.0	122.83912148521698	6.35300758942041
1748.0	122.8324449240792	6.355595413160762
1749.0	122.82576411934161	6.35818724805739
1750.0	122.8190790707843	6.360783092901583
1751.0	122.81238977818747	6.363382946478651
1752.0	122.8056962413312	6.365986807567944
1753.0	122.79899845999563	6.368594674942838
1754.0	122.79229643396091	6.371206547370744
1755.0	122.78559016300717	6.3738224236131
1756.0	122.77887964691449	6.37644230242538
1757.0	122.77216488546307	6.379066182557083
1758.0	122.765445878433	6.381694062751747
1759.0	122.7587226256044	6.384325941746935
1760.0	122.75199512675744	6.386961818274246
1761.0	122.74526338167223	6.389601691059306
1762.0	122.73852739012888	6.392245558821775
1763.0	122.73178715190755	6.394893420275341
1764.0	122.72504266678838	6.397545274127731
1765.0	122.71829393455144	6.400201119080694
1766.0	122.71154095497693	6.4028609538300145
1767.0	122.70478372784495	6.405524777065508
1768.0	122.69802225293562	6.408192587471024
1769.0	122.69125653002908	6.410864383724439
1770.0	122.68448655890549	6.413540164497661
1771.0	122.67771233934491	6.416219928456632
1772.0	122.67093387112753	6.418903674261325
1773.0	122.66415115403349	6.421591400565742
1774.0	122.65736418784284	6.424283106017916
1775.0	122.65057297233581	6.426978789259917
1776.0	122.64377750729247	6.429678448927838
1777.0	122.63697779249294	6.43238208365181
1778.0	122.63017382771741	6.435089692055989
1779.0	122.62336561274597	6.437801272758572
1780.0	122.61655314735873	6.440516824371774
1781.0	122.60973643133586	6.443236345501854
1782.0	122.6029154644575	6.445959834749093
1783.0	122.5960902465037	6.448687290707809
1784.0	122.5892607772547	6.45141871196635
1785.0	122.58242705649056	6.454154097107093
1786.0	122.5755890839914	6.4568934447064485
1787.0	122.56874685953741	6.459636753334857
1788.0	122.5619003829087	6.46238402155679
1789.0	122.55504965388535	6.465135247930753
1790.0	122.54819467224755	6.467890431009281
1791.0	122.54133543777542	6.4706495693389385
1792.0	122.53447195024904	6.473412661460323
1793.0	122.52760420944861	6.476179705908066
1794.0	122.5207322151542	6.478950701210825
1795.0	122.513855967146	6.48172564589129
1796.0	122.50697546520412	6.484504538466187
1797.0	122.50009070910865	6.487287377446267
1798.0	122.49320169863977	6.4900741613363175
1799.0	122.48630843357759	6.492864888635152
1800.0	122.47941091370222	6.495659557835621
1801.0	122.47250913879384	6.498458167424603
1802.0	122.46560310863255	6.5012607158830065
1803.0	122.45869282299846	6.504067201685773
1804.0	122.45177828167175	6.506877623301878
1805.0	122.44485948443253	6.509691979194321
1806.0	122.43793643106088	6.512510267820142
1807.0	122.43100912133701	6.515332487630405
1808.0	122.42407755504101	6.518158637070209
1809.0	122.41714173195298	6.520988714578681
1810.0	122.41020165185313	6.523822718588984
1811.0	122.40325731452154	6.526660647528306
1812.0	122.39630871973831	6.529502499817877
1813.0	122.38935586728364	6.532348273872944
1814.0	122.38239875693763	6.5351979681027945
1815.0	122.37543738848038	6.538051580910748
1816.0	122.36847176169206	6.540909110694149
1817.0	122.3615018763528	6.543770555844378
1818.0	122.35452773224269	6.5466359147468465
1819.0	122.34754932914191	6.549505185780997
1820.0	122.34056666683057	6.5523783673202995
1821.0	122.33357974508877	6.55525545773226
1822.0	122.3265885636967	6.558136455378417
1823.0	122.31959312243445	6.561021358614333
1824.0	122.31259342108214	6.563910165789609
1825.0	122.30558945941995	6.566802875247873
1826.0	122.29858123722798	6.569699485326787
1827.0	122.29156875428632	6.572599994358043
1828.0	122.28455201037518	6.575504400667364
1829.0	122.27753100527465	6.578412702574504
1830.0	122.27050573876484	6.581324898393249
1831.0	122.26347621062591	6.584240986431418
1832.0	122.256442420638	6.587160964990857
1833.0	122.2494043685812	6.590084832367447
1834.0	122.24236205423567	6.593012586851097
1835.0	122.23531547738155	6.595944226725753
1836.0	122.22826463779892	6.598879750269386
1837.0	122.22120953526796	6.601819155754002
1838.0	122.2141501695688	6.604762441445635
1839.0	122.20708654048151	6.607709605604355
1840.0	122.20001864778631	6.6106606464842566
1841.0	122.19294649126329	6.613615562333477
1842.0	122.18587007069253	6.61657435139417
1843.0	122.17878938585423	6.619537011902532
1844.0	122.17170443652851	6.622503542088786
1845.0	122.16461522249546	6.625473940177185
1846.0	122.15752174353526	6.628448204386017
1847.0	122.15042399942801	6.631426332927601
1848.0	122.14332198995382	6.634408324008285
1849.0	122.13621571489288	6.637394175828446
1850.0	122.1291051740253	6.640383886582499
1851.0	122.12199036713116	6.643377454458885
1852.0	122.11487129399065	6.6463748776400795
1853.0	122.10774795438388	6.649376154302585
1854.0	122.10062034809096	6.652381282616941
1855.0	122.09348847489207	6.655390260747713
1856.0	122.0863523345673	6.658403086853502
1857.0	122.07921192689676	6.661419759086936
1858.0	122.07206725166066	6.664440275594679
1859.0	122.06491830863905	6.667464634517421
1860.0	122.05776509761209	6.670492833989889
1861.0	122.05060761835992	6.6735248721408365
1862.0	122.04344587066268	6.676560747093051
1863.0	122.03627985430043	6.679600456963349
1864.0	122.0291095690534	6.682643999862583
1865.0	122.02193501470167	6.68569137389563
1866.0	122.01475619102534	6.688742577161404
1867.0	122.00757309780461	6.6917976077528465
1868.0	122.00038573481957	6.694856463756934
1869.0	121.99319410185032	6.69791914325467
1870.0	121.98599819867707	6.700985644321093
1871.0	121.97879802507988	6.704055965025268
1872.0	121.9715935808389	6.7071301034302975
1873.0	121.96438486573427	6.710208057593314
1874.0	121.95717187954614	6.713289825565473
1875.0	121.94995462205458	6.716375405391973
1876.0	121.94273309303978	6.719464795112038
1877.0	121.93550729228184	6.722557992758922
1878.0	121.92827721956088	6.725654996359912
1879.0	121.92104287465708	6.728755803936329
1880.0	121.91380425735052	6.73186041350352
1881.0	121.90656136742133	6.734968823070868
1882.0	121.8993142046497	6.738081030641782
1883.0	121.8920627688157	6.741197034213708
1884.0	121.88480705969945	6.74431683177812
1885.0	121.87754707708115	6.747440421320525
1886.0	121.87028282074088	6.750567800820458
1887.0	121.86301429045876	6.7536989682514905
1888.0	121.85574148601496	6.7568339215812205
1889.0	121.8484644071896	6.75997265877128
1890.0	121.84118305376278	6.763115177777328
1891.0	121.83389742551466	6.766261476549062
1892.0	121.82660752222537	6.769411553030206
1893.0	121.819313343675	6.772565405158517
1894.0	121.81201488964375	6.775723030865782
1895.0	121.8047121599117	6.778884428077816
1896.0	121.79740515425897	6.782049594714473
1897.0	121.79009387246575	6.785218528689635
1898.0	121.78277831431213	6.788391227911213
1899.0	121.7754584795782	6.791567690281149
1900.0	121.76813436804419	6.794747913695421
1901.0	121.76080597949016	6.797931896044035
1902.0	121.75347331369622	6.801119635211028
1903.0	121.74613637044257	6.804311129074466
1904.0	121.7387951495093	6.8075063755064535
1905.0	121.73144965067652	6.810705372373124
1906.0	121.72409987372443	6.813908117534634
1907.0	121.7167458184331	6.817114608845179
1908.0	121.70938748458265	6.820324844152988
1909.0	121.70202487195327	6.823538821300313
1910.0	121.69465798032506	6.826756538123447
1911.0	121.68728680947811	6.829977992452704
1912.0	121.67991135919263	6.833203182112437
1913.0	121.6725316292487	6.836432104921029
1914.0	121.66514761942642	6.839664758690891
1915.0	121.657759329506	6.842901141228467
1916.0	121.65036675926753	6.846141250334232
1917.0	121.64296990849111	6.849385083802694
1918.0	121.63556877695693	6.852632639422393
1919.0	121.62816336444509	6.855883914975894
1920.0	121.6207536707357	6.859138908239801
1921.0	121.61333969560891	6.862397616984745
1922.0	121.60592143884489	6.865660038975389
1923.0	121.59849890022367	6.8689261719704255
1924.0	121.59107207952549	6.872196013722582
1925.0	121.58364097653043	6.875469561978617
1926.0	121.57620559101859	6.8787468144793165
1927.0	121.56876592277017	6.882027768959501
1928.0	121.56132197156526	6.8853124231480205
1929.0	121.55387373718396	6.888600774767757
1930.0	121.54642121940647	6.8918928215356265
1931.0	121.53896441801288	6.89518856116257
1932.0	121.53150333278329	6.898487991353565
1933.0	121.5240379634979	6.901791109807618
1934.0	121.51656830993682	6.90509791421777
1935.0	121.50909437188011	6.908408402271089
1936.0	121.501616149108	6.9117225716486725
1937.0	121.49413364140057	6.915040420025658
1938.0	121.48664684853793	6.918361945071208
1939.0	121.47915577030027	6.9216871444485175
1940.0	121.47166040646769	6.925016015814809
1941.0	121.46416075682028	6.928348556821341
1942.0	121.45665682113824	6.931684765113408
1943.0	121.44914859920166	6.935024638330324
1944.0	121.44163609079067	6.93836817410544
1945.0	121.43411929568542	6.94171537006614
1946.0	121.42659821366604	6.945066223833839
1947.0	121.41907284451261	6.948420733023981
1948.0	121.41154318800534	6.951778895246042
1949.0	121.4040092439243	6.9551407081035315
1950.0	121.39647101204963	6.958506169193983
1951.0	121.38892849216151	6.961875276108973
1952.0	121.38138168404001	6.965248026434099
1953.0	121.37383058746526	6.968624417748995
1954.0	121.36627520221744	6.972004447627324
1955.0	121.35871552807666	6.975388113636784
1956.0	121.351151564823	6.978775413339098
1957.0	121.34358331223667	6.982166344290023
1958.0	121.33601077009776	6.985560904039351
1959.0	121.32843393818638	6.988959090130905
1960.0	121.32085281628271	6.992360900102531
1961.0	121.31326740416685	6.995766331486115
1962.0	121.30567770161892	6.999175381807566
1963.0	121.29808370841909	7.002588048586838
1964.0	121.29048542434742	7.006004329337903
1965.0	121.28288284918412	7.009424221568766
1966.0	121.27527598270929	7.012847722781472
1967.0	121.26766482470302	7.0162748304720886
1968.0	121.26004937494552	7.019705542130718
1969.0	121.25242963321686	7.023139855241492
1970.0	121.24480559929718	7.026577767282575
1971.0	121.23717727296663	7.0300192757261675
1972.0	121.22954465400532	7.033464378038492
1973.0	121.22190774219338	7.036913071679805
1974.0	121.21426653731096	7.040365354104396
1975.0	121.2066210391382	7.0438212227605925
1976.0	121.19897124745516	7.047280675090741
1977.0	121.19131716204205	7.0507437085312255
1978.0	121.18365878267898	7.0542103205124596
1979.0	121.17599610914603	7.05768050845889
1980.0	121.16832914122341	7.061154269788995
1981.0	121.16065787869121	7.0646316019152815
1982.0	121.15298232132952	7.068112502244289
1983.0	121.14530246891854	7.071596968176589
1984.0	121.13761832123839	7.075084997106785
1985.0	121.12992987806915	7.078576586423508
1986.0	121.122237139191	7.082071733509423
1987.0	121.11454010438405	7.085570435741226
1988.0	121.10683877342842	7.089072690489648
1989.0	121.09913314610426	7.0925784951194455
1990.0	121.09142322219171	7.096087846989404
1991.0	121.08370900147085	7.099600743452348
1992.0	121.07599048372188	7.103117181855131
1993.0	121.06826766872489	7.106637159538637
1994.0	121.06054055625998	7.110160673837778
1995.0	121.05280914610735	7.1136877220815
1996.0	121.0450734380471	7.117218301592786
1997.0	121.03733343185932	7.120752409688639
1998.0	121.0295891273242	7.124290043680101
1999.0	121.02184052422186	7.127831200872242
2000.0	121.01408762233238	7.131375878564167
2001.0	121.00633042143596	7.134924074049009
2002.0	120.9985689213127	7.138475784613932
2003.0	120.99080312174269	7.142031007540131
2004.0	120.98303302250613	7.145589740102841
2005.0	120.97525862338313	7.1491519795713145
2006.0	120.96747992415376	7.152717723208841
2007.0	120.95969692459823	7.156286968272745
2008.0	120.95190962449665	7.159859712014376
2009.0	120.94411802362912	7.163435951679124
2010.0	120.9363221217758	7.1670156845064
2011.0	120.92852191871683	7.17059890772965
2012.0	120.92071741423227	7.1741856185763515
2013.0	120.91290860810234	7.177775814268018
2014.0	120.90509550010712	7.181369492020186
2015.0	120.89727809002675	7.184966649042429
2016.0	120.88945637764137	7.188567282538349
2017.0	120.8816303627311	7.19217138970558
2018.0	120.87380004507605	7.19577896773579
2019.0	120.8659654244564	7.1993900138146705
2020.0	120.85812650065226	7.203004525121955
2021.0	120.85028327344372	7.2066224988314005
2022.0	120.84243574261097	7.210243932110799
2023.0	120.83458390793413	7.213868822121969
2024.0	120.82672776919327	7.217497166020766
2025.0	120.8188673261686	7.221128960957077
2026.0	120.81100257864021	7.224764204074814
2027.0	120.80313352638822	7.228402892511924
2028.0	120.79526016919279	7.232045023400387
2029.0	120.78738250683405	7.235690593866211
2030.0	120.77950053909207	7.23933960102944
2031.0	120.77161426574708	7.242992042004142
2032.0	120.76372368657913	7.246647913898422
2033.0	120.75582880136837	7.250307213814415
2034.0	120.74792960989495	7.253969938848289
2035.0	120.740026111939	7.257636086090238
2036.0	120.7321183072806	7.261305652624489
2037.0	120.72420619569996	7.264978635529303
2038.0	120.71628977697716	7.268655031876976
2039.0	120.70836905089232	7.272334838733826
2040.0	120.7004440172256	7.276018053160204
2041.0	120.69251467575714	7.279704672210498
2042.0	120.68458102626701	7.283394692933126
2043.0	120.67664306853543	7.287088112370534
2044.0	120.66870080234246	7.290784927559197
2045.0	120.66075422746822	7.294485135529627
2046.0	120.65280334369291	7.298188733306369
2047.0	120.64484815079662	7.301895717907993
2048.0	120.63688864855946	7.3056060863471
2049.0	120.62892483676161	7.309319835630327
2050.0	120.62095671518317	7.313036962758341
2051.0	120.61298428360425	7.316757464725842
2052.0	120.60500754180502	7.320481338521552
2053.0	120.5970264895656	7.324208581128237
2054.0	120.58904112666609	7.327939189522686
2055.0	120.58105145288667	7.331673160675724
2056.0	120.57305746800745	7.335410491552201
2057.0	120.56505917180851	7.3391511791110045
2058.0	120.55705656407007	7.342895220305053
2059.0	120.54904964457222	7.34664261208129
2060.0	120.54103841309505	7.350393351380697
2061.0	120.53302286941876	7.354147435138285
2062.0	120.52500301332344	7.357904860283094
2063.0	120.5169788445892	7.361665623738198
2064.0	120.50895036299623	7.365429722420703
2065.0	120.50091756832462	7.369197153241737
2066.0	120.49288046035448	7.372967913106473
2067.0	120.48483903886601	7.3767419989141105
2068.0	120.4767933036393	7.380519407557876
2069.0	120.46874325445444	7.384300135925027
2070.0	120.46068889109164	7.388084180896859
2071.0	120.45263021333096	7.391871539348696
2072.0	120.44456722095256	7.395662208149893
