0	213.52238843478662	6.864529573195559
1	213.5220431626104	6.867601760355943
2	213.52169789043418	6.870673947516328
3	213.52135261825794	6.873746134676712
4	213.52100734608172	6.876818321837096
5	213.5206620739055	6.87989050899748
6	213.48668767682963	6.899477918832239
7	213.48891610275928	6.900505443707563
8	213.49113807573565	6.901522838464032
9	213.4933535859174	6.9025301241885915
10	213.49556262354645	6.9035273219681805
11	213.4977651789479	6.904514452889741
12	213.4999612425298	6.9054915380402155
13	213.50215080478299	6.906458598506548
14	213.50433385628068	6.907415655375681
15	213.5065103876784	6.908362729734556
16	213.50868038971385	6.909299842670114
17	213.51084385320652	6.910227015269299
18	213.51300076905756	6.911144268619051
19	213.5151511282495	6.912051623806315
20	213.51729492184614	6.912949101918031
21	213.5194321409923	6.913836724041143
22	213.52156277691344	6.9147145112625905
23	213.52368682091586	6.91558248466932
24	213.52580426438598	6.9164406653482695
25	213.5279150987905	6.917289074386385
26	213.53001931567582	6.918127732870608
27	213.53211690666836	6.918956661887876
28	213.5342078634739	6.919775882525139
29	213.5362921778775	6.920585415869334
30	213.5383698417432	6.921385283007404
31	213.54044084701405	6.922175505026292
32	213.5425051857116	6.9229561030129405
33	213.54456284993609	6.923727098054291
34	213.54661383186567	6.924488511237286
35	213.54865812375667	6.925240363648869
36	213.55069571794314	6.92598267637598
37	213.55272660683664	6.926715470505561
38	213.55475078292633	6.927438767124558
39	213.55676823877832	6.928152587319911
40	213.5587789670357	6.928856952178562
41	213.56078296041818	6.929551882787451
42	213.56278021172227	6.930237400233525
43	213.56477071382048	6.930913525603724
44	213.56675445966158	6.931580279984989
45	213.56873144227023	6.932237684464264
46	213.5707016547466	6.932885760128493
47	213.5726650902664	6.933524528064614
48	213.5746217420807	6.93415400935957
49	213.57657160351528	6.934774225100306
50	213.57851466797106	6.9353851963737645
51	213.58045092892334	6.935986944266882
52	213.582380379922	6.936579489866607
53	213.58430301459106	6.93716285425988
54	213.5862188266283	6.937737058533644
55	213.58812780980554	6.938302123774839
56	213.59002995796803	6.938858071070408
57	213.59192526503418	6.939404921507295
58	213.59381372499587	6.939942696172439
59	213.59569533191765	6.940471416152785
60	213.59757007993684	6.940991102535274
61	213.59943796326323	6.94150177640685
62	213.60129897617898	6.942003458854449
63	213.6031531130382	6.942496170965025
64	213.60500036826699	6.942979933825511
65	213.60684073636298	6.943454768522852
66	213.60867421189528	6.943920696143986
67	213.61050078950436	6.9443777377758655
68	213.61232046390154	6.944825914505421
69	213.614133229869	6.945265247419606
70	213.6159390822594	6.945695757605352
71	213.61773801599622	6.946117466149609
72	213.61953002607262	6.946530394139317
73	213.62131510755205	6.946934562661416
74	213.62309325556754	6.9473299928028505
75	213.6248644653218	6.947716705650564
76	213.6266287320869	6.9480947222914935
77	213.62838605120393	6.9484640638125885
78	213.6301364180831	6.948824751300787
79	213.6318798282031	6.949176805843031
80	213.63361627711132	6.949520248526265
81	213.63534576042332	6.949855100437428
82	213.6370682738229	6.950181382663465
83	213.63878381306165	6.950499116291318
84	213.64049237395895	6.950808322407928
85	213.64219395240133	6.951109022100239
86	213.64388854434304	6.951401236455189
87	213.64557614580514	6.951684986559727
88	213.6472567528755	6.951960293500792
89	213.64893036170878	6.952227178365326
90	213.65059696852592	6.952485662240268
91	213.65225656961425	6.952735766212565
92	213.65390916132696	6.952977511369159
93	213.65555474008306	6.953210918796991
94	213.65719330236746	6.953436009583003
95	213.65882484472996	6.953652804814138
96	213.660449363786	6.953861325577336
97	213.66206685621586	6.954061592959541
98	213.6636773187645	6.954253628047699
99	213.66528074824163	6.954437451928746
100	213.666877141521	6.954613085689628
101	213.66846649554097	6.9547805504172855
102	213.67004880730357	6.954939867198662
103	213.67162407387454	6.955091057120699
104	213.67319229238336	6.955234141270338
105	213.6747534600228	6.955369140734524
106	213.6763075740485	6.955496076600196
107	213.67785463177938	6.955614969954297
108	213.67939463059687	6.955725841883772
109	213.68092756794502	6.955828713475559
110	213.68245344133015	6.955923605816604
111	213.68397224832066	6.956010539993848
112	213.68548398654673	6.956089537094234
113	213.68698865370055	6.956160618204702
114	213.68848624753556	6.956223804412195
115	213.6899767658665	6.956279116803656
116	213.69146020656927	6.9563265764660285
117	213.6929365675806	6.956366204486253
118	213.69440584689787	6.956398021951271
119	213.69586804257892	6.956422049948026
120	213.697323152742	6.9564383095634605
121	213.6987711755652	6.9564468218845175
122	213.7002121092865	6.956447607998137
123	213.7016459522038	6.956440688991263
124	213.70307270267404	6.956426085950835
125	213.70449235911366	6.9564038199638
126	213.7059049199982	6.956373912117097
127	213.70731038386174	6.956336383497668
128	213.70870874929733	6.9562912551924585
129	213.7101000149562	6.9562385482884075
130	213.71148417954794	6.9561782838724575
131	213.71286124184013	6.956110483031553
132	213.71423120065802	6.956035166852634
133	213.71559405488486	6.955952356422644
134	213.7169498034609	6.955862072828525
135	213.7182984453838	6.955764337157217
136	213.7196399797082	6.955659170495665
137	213.72097440554558	6.955546593930811
138	213.72230172206406	6.955426628549597
139	213.723621928488	6.955299295438966
140	213.72493502409824	6.95516461568586
141	213.72624100823106	6.955022610377218
142	213.72753988027938	6.954873300599988
143	213.72883163969104	6.954716707441106
144	213.7301162859694	6.954552851987518
145	213.73139381867327	6.9543817553261675
146	213.7326642374162	6.954203438543993
147	213.73392754186673	6.954017922727941
148	213.73518373174764	6.95382522896495
149	213.7364328068366	6.953625378341964
150	213.73767476696503	6.953418391945925
151	213.73890961201857	6.953204290863775
152	213.74013734193653	6.952983096182458
153	213.74135795671197	6.952754828988913
154	213.74257145639112	6.9525195103700845
155	213.74377784107355	6.952277161412915
156	213.74497711091172	6.952027803204344
157	213.74616926611097	6.9517714568313185
158	213.74735430692905	6.951508143380776
159	213.74853223367643	6.951237883939663
160	213.7497030467153	6.9509606995949165
161	213.75086674646033	6.950676611433485
162	213.75202333337742	6.950385640542307
163	213.7531728079846	6.950087808008326
164	213.75431517085102	6.949783134918481
165	213.7554504225969	6.94947164235972
166	213.75657856389373	6.949153351418979
167	213.75769959546366	6.9488282831832064
168	213.75881351807922	6.9484964587393385
169	213.75992033256372	6.948157899174324
170	213.7610200397904	6.947812625575099
171	213.7621126406826	6.947460659028611
172	213.7631981362133	6.947102020621798
173	213.76427652740537	6.946736731441605
174	213.7653478153307	6.946364812574971
175	213.76641200111072	6.945986285108844
176	213.76746908591565	6.945601170130161
177	213.76851907096463	6.945209488725867
178	213.76956195752524	6.944811261982902
179	213.77059774691367	6.94440651098821
180	213.77162644049432	6.9439952568287335
181	213.7726480396793	6.943577520591413
182	213.77366254592894	6.943153323363193
183	213.7746699607509	6.942722686231013
184	213.7756702857004	6.94228563028182
185	213.77666352237972	6.941842176602551
186	213.77764967243846	6.941392346280151
187	213.77862873757283	6.940936160401561
188	213.77960071952555	6.940473640053723
189	213.78056562008615	6.940004806323582
190	213.78152344109003	6.939529680298079
191	213.78247418441893	6.939048283064154
192	213.78341785200018	6.938560635708752
193	213.784354445807	6.938066759318815
194	213.78528396785785	6.9375666749812845
195	213.7862064202165	6.937060403783101
196	213.78712180499193	6.936547966811211
197	213.7880301243378	6.936029385152551
198	213.78893138045245	6.935504679894068
199	213.78982557557893	6.934973872122704
200	213.79071271200428	6.9344369829254
201	213.79159279205976	6.933894033389099
202	213.79246581812052	6.93334504460074
203	213.79333179260541	6.932790037647272
204	213.7941907179766	6.932229033615628
205	213.79504259673985	6.931662053592758
206	213.79588743144384	6.931089118665601
207	213.79672522468024	6.930510249921101
208	213.79755597908334	6.929925468446199
209	213.79837969733015	6.929334795327837
210	213.79919638213977	6.928738251652959
211	213.80000603627363	6.928135858508504
212	213.80080866253488	6.9275276369814165
213	213.8016042637687	6.9269136081586415
214	213.80239284286165	6.9262937931271145
215	213.8031744027416	6.925668212973783
216	213.8039489463777	6.925036888785587
217	213.80471647678004	6.92439984164947
218	213.8054769969996	6.923757092652377
219	213.8062305101276	6.9231086628812415
220	213.80697701929608	6.922454573423014
221	213.80771652767686	6.9217948453646345
222	213.8084490384822	6.921129499793044
223	213.80917455496376	6.920458557795186
224	213.80989308041322	6.919782040458005
225	213.81060461816122	6.919099968868438
226	213.81130917157816	6.918412364113431
227	213.81200674407287	6.917719247279924
228	213.81269733909366	6.917020639454858
229	213.81338096012718	6.916316561725183
230	213.81405761069843	6.915607035177834
231	213.81472729437078	6.914892080899754
232	213.81539001474587	6.914171719977887
233	213.81604577546298	6.913445973499175
234	213.81669458019923	6.912714862550559
235	213.81733643266904	6.9119784082189835
236	213.8179713366245	6.91123663159139
237	213.8185992958545	6.910489553754718
238	213.81922031418503	6.909737195795915
239	213.81983439547858	6.908979578801917
240	213.82044154363462	6.908216723859673
241	213.8210417625885	6.907448652056118
242	213.8216350563122	6.906675384478204
243	213.82222142881315	6.905896942212863
244	213.82280088413506	6.905113346347043
245	213.82337342635682	6.904324617967684
246	213.82393905959313	6.90353077816173
247	213.82449778799344	6.9027318480161215
248	213.8250496157427	6.901927848617803
249	213.82559454706026	6.901118801053714
250	213.82613258620046	6.900304726410798
251	213.82666373745184	6.899485645776
252	213.82718800513723	6.898661580236257
253	213.82770539361383	6.8978325508785145
254	213.8282159072723	6.896998578789714
255	213.82871955053724	6.8961596850568005
256	213.82921632786667	6.89531589076671
257	213.82970624375199	6.894467217006392
258	213.83018930271757	6.8936136848627845
259	213.83066550932094	6.892755315422829
260	213.83113486815228	6.891892129773472
261	213.83159738383412	6.891024149001651
262	213.83205306102172	6.89015139419431
263	213.83250190440228	6.889273886438394
264	213.83294391869498	6.888391646820842
265	213.83337910865097	6.887504696428594
266	213.8338074790529	6.886613056348597
267	213.83422903471478	6.885716747667793
268	213.83464378048205	6.884815791473123
269	213.83505172123097	6.883910208851529
270	213.8354528618689	6.883000020889954
271	213.83584720733356	6.882085248675337
272	213.83623476259356	6.881165913294624
273	213.83661553264747	6.880242035834757
274	213.8369895225241	6.879313637382678
275	213.8373567372822	6.878380739025328
276	213.8377171820102	6.877443361849651
277	213.83807086182608	6.876501526942585
278	213.8384177818773	6.875555255391078
279	213.8387579473403	6.87460456828207
280	213.83909136342064	6.8736494867025035
281	213.83941803535276	6.872690031739319
282	213.83973796839945	6.871726224479461
283	213.84005116785212	6.870758086009871
284	213.84035763903037	6.86978563741749
285	213.840657387282	6.868808899789263
286	213.84095041798236	6.86782789421213
287	213.84123673653474	6.866842641773033
288	213.84151634836982	6.865853163558917
289	213.8417892589457	6.864859480656722
290	213.84205547374745	6.863861614153388
291	213.8423149982872	6.862859585135863
292	213.84256783810375	6.861853414691083
293	213.84281399876252	6.860843123905996
294	213.8430534858553	6.859828733867542
295	213.84328630500008	6.858810265662662
296	213.84351246184082	6.857787740378299
297	213.84373196204746	6.8567611791013965
298	213.84394481131523	6.855730602918894
299	213.84415101536533	6.8546960329177375
300	213.84435057994378	6.853657490184868
301	213.84454351082192	6.852614995807224
302	213.8447298137959	6.851568570871754
303	213.84490949468662	6.850518236465394
304	213.8450825593396	6.849464013675092
305	213.84524901362445	6.848405923587786
306	213.84540886343535	6.8473439872904205
307	213.84556211469013	6.846278225869938
308	213.84570877333047	6.845208660413278
309	213.84584884532194	6.844135312007387
310	213.845982336653	6.843058201739202
311	213.84610925333592	6.841977350695671
312	213.84622960140572	6.840892779963731
313	213.84634338692035	6.839804510630327
314	213.8464506159605	6.838712563782403
315	213.8465512946294	6.837616960506898
316	213.8466454290526	6.836517721890756
317	213.84673302537766	6.835414869020918
318	213.84681408977423	6.8343084229843285
319	213.84688862843382	6.833198404867927
320	213.8469566475693	6.832084835758657
321	213.8470181534152	6.83096773674346
322	213.84707315222727	6.82984712890928
323	213.8471216502822	6.828723033343059
324	213.84716365387743	6.827595471131738
325	213.8471991693314	6.826464463362261
326	213.8472282029829	6.825330031121566
327	213.84725076119096	6.8241921954966
328	213.84726685033502	6.8230509775743045
329	213.84727647681413	6.82190639844162
330	213.8472796470474	6.82075847918549
331	213.84727636747348	6.819607240892858
332	213.84726664455027	6.818452704650663
333	213.84725048475514	6.817294891545848
334	213.8472278945843	6.816133822665358
335	213.84719888055318	6.814969519096132
336	213.8471634491954	6.813802001925115
337	213.84712160706357	6.812631292239248
338	213.84707336072827	6.811457411125473
339	213.8470187167786	6.810280379670732
340	213.8469576818212	6.809100218961968
341	213.846890262481	6.807916950086125
342	213.84681646539994	6.80673059413014
343	213.8467362972379	6.805541172180959
344	213.84664976467195	6.804348705325525
345	213.84655687439604	6.80315321465078
346	213.8464576331209	6.801954721243662
347	213.84635204757447	6.800753246191121
348	213.84624012450067	6.799548810580092
349	213.8461218706602	6.798341435497522
350	213.8459972928296	6.7971311420303495
351	213.8458663978017	6.795917951265518
352	213.84572919238505	6.794701884289974
353	213.84558568340358	6.793482962190653
354	213.84543587769699	6.792261206054501
355	213.8452797821202	6.791036636968461
356	213.84511740354327	6.789809276019473
357	213.84494874885095	6.788579144294481
358	213.84477382494302	6.787346262880426
359	213.84459263873356	6.78611065286425
360	213.8444051971514	6.784872335332898
361	213.84421150713905	6.783631331373309
362	213.84401157565364	6.782387662072426
363	213.84380540966575	6.781141348517192
364	213.84359301615976	6.779892411794549
365	213.84337440213343	6.778640872991441
366	213.8431495745982	6.777386753194806
367	213.84291854057835	6.77613007349159
368	213.842681307111	6.774870854968735
369	213.8424378812464	6.773609118713183
370	213.84218827004716	6.772344885811873
371	213.84193248058858	6.771078177351752
372	213.84167051995777	6.769809014419758
373	213.8414023952546	6.768537418102839
374	213.8411281135901	6.7672634094879305
375	213.84084768208757	6.765987009661979
376	213.8405611078816	6.764708239711926
377	213.84026839811816	6.763427120724713
378	213.83996955995465	6.762143673787283
379	213.83966460055925	6.760857919986578
380	213.83935352711083	6.759569880409538
381	213.83903634679956	6.758279576143112
382	213.83871306682553	6.756987028274236
383	213.83838369439914	6.755692257889852
384	213.83804823674137	6.754395286076907
385	213.83770670108282	6.75309613392234
386	213.83735909466387	6.751794822513093
387	213.83700542473477	6.75049137293611
388	213.83664569855503	6.749185806278331
389	213.83627992339342	6.747878143626701
390	213.83590810652782	6.7465684060681586
391	213.835530255245	6.74525661468965
392	213.83514637684073	6.743942790578116
393	213.8347564786189	6.742626954820498
394	213.8343605678922	6.74130912850374
395	213.8339586519812	6.739989332714781
396	213.83355073821474	6.738667588540568
397	213.83313683392956	6.73734391706804
398	213.83271694646984	6.73601833938414
399	213.83229108318756	6.73469087657581
400	213.83185925144195	6.733361549729993
401	213.8314214585992	6.732030379933629
402	213.83097771203288	6.730697388273663
403	213.83052801912322	6.7293625958370376
404	213.8300723872569	6.728026023710693
405	213.82961082382744	6.72668769298157
406	213.8291433362344	6.725347624736615
407	213.82866993188358	6.724005840062769
408	213.8281906181867	6.722662360046972
409	213.82770540256138	6.721317205776169
410	213.82721429243068	6.719970398337302
411	213.82671729522318	6.7186219588173115
412	213.82621441837262	6.71727190830314
413	213.8257056693183	6.715920267881732
414	213.82519105550375	6.714567058640025
415	213.8246705843777	6.713212301664965
416	213.82414426339346	6.7118560180434965
417	213.82361210000852	6.7104982288625585
418	213.82307410168477	6.709138955209092
419	213.82253027588808	6.707778218170041
420	213.82198063008838	6.706416038832349
421	213.8214251717591	6.705052438282957
422	213.8208639083773	6.7036874376088065
423	213.82029684742344	6.702321057896839
424	213.8197239963812	6.700953320234001
425	213.81914536273723	6.699584245707231
426	213.8185609539812	6.698213855403473
427	213.81797077760527	6.696842170409667
428	213.8173748411042	6.695469211812758
429	213.81677315197513	6.694095000699687
430	213.81616571771744	6.692719558157395
431	213.81555254583233	6.691342905272828
432	213.81493364382303	6.689965063132925
433	213.8143090191943	6.688586052824628
434	213.8136786794526	6.687205895434882
435	213.81304263210535	6.685824612050626
436	213.81240088466157	6.684442223758805
437	213.811753444631	6.683058751646362
438	213.81110031952423	6.681674216800235
439	213.81044151685248	6.680288640307369
440	213.80977704412757	6.6789020432547055
441	213.8091069088616	6.677514446729188
442	213.80843111856666	6.676125871817757
443	213.80774968075502	6.6747363396073585
444	213.80706260293863	6.673345871184929
445	213.80636989262905	6.671954487637416
446	213.80567155733746	6.6705622100517585
447	213.80496760457416	6.669169059514901
448	213.80425804184864	6.667775057113784
449	213.8035428766693	6.666380223935349
450	213.80282211654355	6.66498458106654
451	213.80209576897715	6.6635881495943
452	213.80136384147434	6.662190950605568
453	213.80062634153788	6.660793005187291
454	213.79988327666848	6.659394334426407
455	213.7991346543648	6.657994959409862
456	213.79838048212318	6.656594901224591
457	213.79762076743785	6.655194180957546
458	213.79685551780025	6.653792819695664
459	213.79608474069914	6.652390838525889
460	213.7953084436205	6.650988258535159
461	213.79452663404717	6.6495851008104205
462	213.79373931945884	6.648181386438616
463	213.79294650733158	6.646777136506687
464	213.79214820513815	6.645372372101574
465	213.79134442034763	6.643967114310222
466	213.7905351604248	6.642561384219569
467	213.78972043283105	6.641155202916563
468	213.78890024502277	6.639748591488143
469	213.78807460445265	6.63834157102125
470	213.78724351856837	6.636934162602827
471	213.78640699481318	6.635526387319819
472	213.78556504062504	6.634118266259167
473	213.7847176634374	6.63270982050781
474	213.78386487067812	6.631301071152694
475	213.78300666976963	6.629892039280761
476	213.78214306812916	6.6284827459789515
477	213.78127407316794	6.627073212334211
478	213.78039969229124	6.625663459433477
479	213.7795199328985	6.624253508363695
480	213.77863480238287	6.622843380211806
481	213.77774430813113	6.621433096064752
482	213.77684845752356	6.620022677009477
483	213.77594725793352	6.618612144132922
484	213.77504071672774	6.61720151852203
485	213.77412884126588	6.615790821263744
486	213.77321163890014	6.614380073445002
487	213.77228911697568	6.612969296152749
488	213.77136128283004	6.611558510473929
489	213.7704281437929	6.610147737495485
490	213.7694897071863	6.608736998304354
491	213.76854598032415	6.607326313987482
492	213.76759697051205	6.605915705631811
493	213.76664268504751	6.604505194324283
494	213.76568313121933	6.603094801151842
495	213.76471831630766	6.601684547201426
496	213.76374824758383	6.6002744535599795
497	213.7627729323103	6.598864541314447
498	213.76179237774005	6.597454831551768
499	213.7608065911169	6.596045345358884
500	213.75981557967526	6.594636103822738
501	213.7588193506398	6.593227128030274
502	213.75781791122543	6.591818439068434
503	213.75681126863688	6.59041005802416
504	213.75579943006883	6.5890020059843915
505	213.75478240270573	6.587594304036075
506	213.75376019372158	6.58618697326615
507	213.7527328102797	6.584780034761559
508	213.75170025953238	6.583373509609245
509	213.7506625486214	6.581967418896152
510	213.749619684677	6.580561783709219
511	213.74857167481838	6.57915662513539
512	213.74751852615321	6.577751964261605
513	213.7464602457775	6.576347822174809
514	213.74539684077575	6.574944219961944
515	213.74432831822014	6.5735411787099505
516	213.74325468517108	6.572138717113376
517	213.74217594867665	6.57073684429717
518	213.74109211577232	6.5693355669938915
519	213.74000319348127	6.567934891936095
520	213.73890918881372	6.566534825856334
521	213.73781010876723	6.565135375487172
522	213.73670596032596	6.5637365475611515
523	213.73559675046138	6.56233834881084
524	213.73448248613113	6.560940785968789
525	213.73336317427953	6.559543865767553
526	213.73223882183726	6.558147594939691
527	213.7311094357211	6.556751980217755
528	213.72997502283394	6.555357028334303
529	213.72883559006442	6.553962746021888
530	213.72769114428704	6.55256914001307
531	213.7265416923619	6.551176217040401
532	213.72538724113423	6.549783983836439
533	213.72422779743496	6.548392447133737
534	213.72306336807978	6.547001613664852
535	213.72189395986965	6.545611490162343
536	213.72071957959022	6.544222083358761
537	213.71954023401173	6.542833399986663
538	213.71835592988936	6.541445446778606
539	213.7171666739623	6.540058230467147
540	213.7159724729542	6.538671757784837
541	213.7147733335727	6.537286035464234
542	213.71356926250968	6.535901070237897
543	213.71236026644058	6.5345168688383755
544	213.71114635202468	6.533133437998229
545	213.7099275259049	6.531750784450013
546	213.7087037947074	6.5303689149262825
547	213.7074751650419	6.528987836159595
548	213.7062416435011	6.527607554882504
549	213.70500323666067	6.526228077827565
550	213.7037599510794	6.5248494117273355
551	213.70251179329867	6.523471563314369
552	213.70125876984252	6.522094539321222
553	213.70000088721764	6.520718346480454
554	213.6987381519128	6.519342991524614
555	213.69747057039933	6.517968481186262
556	213.69619814913042	6.516594822197953
557	213.69492089454144	6.515222021292242
558	213.69363881304943	6.513850085201686
559	213.69235191105338	6.51247902065884
560	213.69106019493367	6.511108834396259
561	213.6897636710524	6.509739533146499
562	213.68846234575278	6.508371123642116
563	213.68715622535953	6.507003612615666
564	213.68584531617827	6.505637006799703
565	213.68452962449567	6.504271312926786
566	213.68320915657952	6.5029065377294675
567	213.6818839186779	6.501542687940304
568	213.68055391702	6.500179770291854
569	213.6792191578153	6.498817791516668
570	213.67787964725352	6.497456758347305
571	213.6765353915052	6.496096677516322
572	213.6751863967207	6.494737555756273
573	213.67383266903033	6.493379399799712
574	213.6724742145447	6.492022216379196
575	213.67111103935392	6.4906660122272815
576	213.6697431495282	6.4893107940765224
577	213.668370551117	6.487956568659478
578	213.6669932501495	6.4866033427087
579	213.66561125263436	6.485251122956746
580	213.66422456455936	6.483899916136173
581	213.66283319189154	6.482549728979533
582	213.66143714057702	6.481200568219386
583	213.66003641654106	6.479852440588285
584	213.6586310256874	6.478505352818784
585	213.65722097389894	6.477159311643444
586	213.65580626703712	6.475814323794815
587	213.65438691094195	6.474470396005456
588	213.65296291143179	6.473127535007922
589	213.65153427430366	6.471785747534772
590	213.65010100533252	6.4704450403185545
591	213.6486631102716	6.4691054200918305
592	213.6472205948526	6.4677668935871555
593	213.64577346478453	6.466429467537083
594	213.64432172575465	6.465093148674168
595	213.64286538342807	6.463757943730971
596	213.64140444344747	6.462423859440042
597	213.63993891143306	6.46109090253394
598	213.63846879298288	6.459759079745221
599	213.6369940936719	6.458428397806438
600	213.6355148190528	6.45709886345015
601	213.6340309746555	6.455770483408911
602	213.63254256598682	6.454443264415275
603	213.6310495985308	6.453117213201803
604	213.62955207774849	6.451792336501045
605	213.62805000907773	6.450468641045557
606	213.6265433979332	6.4491461335679
607	213.62503224970632	6.447824820800624
608	213.62351656976517	6.446504709476288
609	213.62199636345437	6.445185806327446
610	213.62047163609492	6.443868118086655
611	213.61894239298437	6.44255165148647
612	213.6174086393964	6.441236413259446
613	213.6158703805811	6.43992241013814
614	213.6143276217647	6.438609648855106
615	213.61278036814934	6.437298136142902
616	213.61122862491337	6.435987878734084
617	213.6096723972109	6.4346788833612045
618	213.60811169017194	6.433371156756821
619	213.6065465089023	6.432064705653488
620	213.60497685848352	6.430759536783764
621	213.60340274397268	6.429455656880203
622	213.60182417040258	6.428153072675359
623	213.60024114278133	6.426851790901791
624	213.59865366609256	6.425551818292054
625	213.5970617452952	6.4242531615787
626	213.59546538532348	6.422955827494291
627	213.5938645910869	6.421659822771376
628	213.5922593674701	6.420365154142516
629	213.59064971933265	6.419071828340264
630	213.58903565150933	6.417779852097177
631	213.58741716880982	6.416489232145807
632	213.5857942760187	6.415199975218717
633	213.5841669778952	6.413912088048455
634	213.58253527917358	6.41262557736758
635	213.58089918456284	6.411340449908649
636	213.57925869874634	6.410056712404217
637	213.57761382638225	6.40877437158684
638	213.57596457210312	6.407493434189069
639	213.57431094051626	6.406213906943467
640	213.57265293620307	6.404935796582585
641	213.57099056371962	6.403659109838982
642	213.56932382759578	6.402383853445208
643	213.56765273233646	6.401110034133825
644	213.56597728242016	6.399837658637385
645	213.56429748229968	6.398566733688445
646	213.56261333640205	6.39729726601956
647	213.5609248491282	6.396029262363286
648	213.55923202485326	6.39476272945218
649	213.5575348679262	6.393497674018798
650	213.55583338266965	6.392234102795689
651	213.55412757338073	6.3909720225154185
652	213.55241744432968	6.389711439910536
653	213.5507029997609	6.388452361713597
654	213.54898424389268	6.387194794657162
655	213.54726118091642	6.385938745473783
656	213.54553381499784	6.384684220896016
657	213.54380215027572	6.383431227656418
658	213.5420661908627	6.382179772487543
659	213.54032594084484	6.380929862121947
660	213.53858140428164	6.379681503292187
661	213.5368325852062	6.378434702730817
662	213.535079487625	6.377189467170394
663	213.53332211551768	6.375945803343473
664	213.5315604728374	6.3747037179826105
665	213.5297945635107	6.373463217820363
666	213.5280243914371	6.372224309589281
667	213.52624996048968	6.370987000021927
668	213.5244712745146	6.369751295850853
669	213.5226883373311	6.368517203808616
670	213.52090115273168	6.367284730627771
671	213.51910972448192	6.366053883040873
672	213.51731405632046	6.364824667780479
673	213.51551415195902	6.363597091579145
674	213.51371001508244	6.362371161169424
675	213.51190164934835	6.361146883283875
676	213.51008905838754	6.359924264655053
677	213.5082722458037	6.358703312015511
678	213.5064512151735	6.35748403209781
679	213.50462597004648	6.3562664316344994
680	213.50279651394501	6.35505051735814
681	213.50096285036443	6.353836296001284
682	213.49912498277294	6.352623774296488
683	213.49728291461147	6.351412958976309
684	213.49543664929377	6.350203856773303
685	213.49358619020654	6.348996474420021
686	213.49173154070905	6.347790818649027
687	213.4898727041335	6.346586896192869
688	213.48800968378472	6.345384713784106
689	213.4861424829404	6.3441842781552955
690	213.4842711048507	6.3429855960389885
691	213.48239555273886	6.341788674167745
692	213.48051582980048	6.340593519274116
693	213.47863193920412	6.339400138090664
694	213.47674388409084	6.33820853734994
695	213.47485166757437	6.337018723784499
696	213.47295529274118	6.3358307041268995
697	213.47105476265037	6.334644485109695
698	213.4691500803337	6.333460073465442
699	213.46724124879552	6.332277475926697
700	213.4653282710129	6.331096699226015
701	213.46341114993552	6.3299177500959525
702	213.46148988848566	6.328740635269063
703	213.4595644895582	6.327565361477904
704	213.4576349560208	6.326391935455032
705	213.4557012907135	6.325220363933
706	213.4537634964493	6.324050653644367
707	213.45182157601351	6.322882811321686
708	213.44987553216427	6.321716843697513
709	213.44792536763237	6.320552757504404
710	213.44597108512107	6.319390559474917
711	213.4440126873065	6.318230256341604
712	213.44205017683726	6.317071854837023
713	213.4400835563347	6.31591536169373
714	213.43811282839286	6.314760783644277
715	213.4361379955784	6.313608127421224
716	213.43415906043063	6.312457399757125
717	213.43217602546179	6.311308607384537
718	213.4301888931565	6.3101617570360125
719	213.42819766597228	6.309016855444113
720	213.42620234633938	6.307873909341388
721	213.42420293666075	6.306732925460395
722	213.4221994393122	6.305593910533693
723	213.42019185664213	6.304456871293832
724	213.41818019097187	6.303321814473371
725	213.41616444459558	6.302188746804866
726	213.41414461978013	6.301057675020874
727	213.41212071876546	6.299928605853947
728	213.41009274376412	6.298801546036643
729	213.40806069696157	6.297676502301517
730	213.40602458051637	6.296553481381125
731	213.40398439655993	6.295432490008023
732	213.4019401471964	6.294313534914765
733	213.39989183450336	6.29319662283391
734	213.39783946053097	6.292081760498012
735	213.3957830273026	6.290968954639625
736	213.39372253681464	6.289858211991306
737	213.39165799103648	6.28874953928561
738	213.38958939191087	6.287642943255095
739	213.38751674135344	6.286538430632316
740	213.38544004125313	6.285436008149826
741	213.38335929347215	6.284335682540185
742	213.38127449984566	6.283237460535943
743	213.3791856621823	6.2821413488696605
744	213.37709278226413	6.281047354273894
745	213.374995861846	6.279955483481192
746	213.37289490265692	6.278865743224118
747	213.37078990639876	6.277778140235227
748	213.36868087474687	6.276692681247068
749	213.3665678093503	6.275609372992203
750	213.36445071183144	6.274528222203187
751	213.36232958378633	6.273449235612574
752	213.36020442678446	6.27237241995292
753	213.35807524236913	6.271297781956782
754	213.35594203205724	6.270225328356712
755	213.3538047973395	6.269155065885271
756	213.35166353968026	6.26808700127501
757	213.34951826051775	6.267021141258488
758	213.34736896126395	6.265957492568259
759	213.34521564330495	6.264896061936879
760	213.34305830800076	6.263836856096905
761	213.34089695668513	6.262779881780889
762	213.33873159066607	6.2617251457213925
763	213.33656221122575	6.260672654650965
764	213.3343888196203	6.259622415302168
765	213.33221141708017	6.258574434407551
766	213.3300300048101	6.257528718699675
767	213.32784458398902	6.256485274911095
768	213.32565515577028	6.255444109774364
769	213.32346172128152	6.254405230022038
770	213.32126428162513	6.2533686423866754
771	213.31906283787777	6.252334353600829
772	213.31685739109082	6.251302370397058
773	213.31464794229026	6.250272699507912
774	213.31243449247674	6.249245347665954
775	213.3102170426257	6.248220321603735
776	213.3079955936874	6.247197628053812
777	213.305770146587	6.24617727374874
778	213.30354070222467	6.2451592654210755
779	213.30130726147544	6.244143609803375
780	213.29906982518952	6.243130313628195
781	213.29682839419215	6.242119383628087
782	213.294582969284	6.24111082653561
783	213.29233355124083	6.240104649083317
784	213.29008014081379	6.239100858003767
785	213.28782273872937	6.238099460029515
786	213.28556134568976	6.237100461893116
787	213.28329596237234	6.236103870327124
788	213.28102658943058	6.235109692064097
789	213.27875322749313	6.234117933836591
790	213.27647587716473	6.233128602377159
791	213.274194539026	6.232141704418359
792	213.27190921363336	6.231157246692747
793	213.2696199015191	6.230175235932878
794	213.26732660319172	6.229195678871305
795	213.26502931913606	6.228218582240589
796	213.26272804981272	6.227243952773283
797	213.26042279565897	6.226271797201941
798	213.25811355708834	6.22530212225912
799	213.25580033449086	6.224334934677379
800	213.25348312823303	6.223370241189267
801	213.251161938658	6.222408048527345
802	213.24883676608567	6.221448363424168
803	213.24650761081267	6.220491192612288
804	213.2441744731127	6.219536542824266
805	213.24183735323618	6.218584420792655
806	213.2394962514106	6.21763483325001
807	213.23715116784075	6.216687786928887
808	213.23480210270853	6.215743288561842
809	213.2324490561734	6.214801344881434
810	213.23009202837167	6.213861962620213
811	213.22773101941775	6.212925148510739
812	213.22536602940323	6.211990909285565
813	213.22299705839768	6.211059251677248
814	213.22062410644827	6.210130182418344
815	213.21824717357993	6.209203708241406
816	213.21586625979592	6.208279835878994
817	213.21348136507729	6.207358572063661
818	213.2110924893832	6.206439923527964
819	213.2086996326512	6.205523897004455
820	213.2063027947972	6.204610499225695
821	213.20390197571555	6.203699736924237
822	213.2014971752792	6.202791616832636
823	213.19908839333962	6.20188614568345
824	213.19667562972708	6.200983330209232
825	213.19425888425087	6.200083177142542
826	213.19183815669905	6.19918569321593
827	213.1894134468388	6.198290885161956
828	213.18698475441656	6.197398759713175
829	213.18455207915807	6.19650932360214
830	213.18211542076818	6.195622583561408
831	213.17967477893168	6.194738546323537
832	213.1772301533126	6.193857218621079
833	213.1747815435549	6.192978607186595
834	213.17232894928222	6.192102718752634
835	213.1698723700983	6.191229560051757
836	213.16741180558682	6.190359137816517
837	213.16494725531163	6.189491458779471
838	213.16247871881694	6.188626529673175
839	213.16000619562735	6.187764357230181
840	213.15752968524774	6.186904948183048
841	213.15504918716405	6.186048309264334
842	213.15256470084262	6.18519444720659
843	213.15007622573063	6.184343368742375
844	213.14758376125656	6.183495080604244
845	213.14508730682968	6.182649589524749
846	213.14258686184067	6.18180690223645
847	213.14008242566157	6.180967025471902
848	213.13757399764572	6.180129965963658
849	213.13506157712817	6.17929573044428
850	213.13254516342565	6.178464325646316
851	213.13002475583687	6.177635758302327
852	213.12750035364235	6.176810035144865
853	213.12497195610467	6.175987162906488
854	213.1224395624689	6.175167148319753
855	213.11990317196208	6.174349998117212
856	213.1173627837941	6.173535719031425
857	213.11481839715734	6.172724317794945
858	213.1122700112267	6.171915801140327
859	213.1097176251604	6.171110175800129
860	213.1071612380992	6.170307448506903
861	213.1046008491673	6.169507625993209
862	213.10203645747214	6.1687107149916
863	213.09946806210462	6.167916722234635
864	213.09689566213905	6.167125654454865
865	213.09431925663347	6.166337518384848
866	213.09173884462976	6.165552320757141
867	213.08915442515388	6.164770068304296
868	213.08656599721576	6.163990767758872
869	213.08397355980955	6.163214425853425
870	213.08137711191404	6.162441049320508
871	213.07877665249225	6.161670644892679
872	213.07617218049202	6.160903219302492
873	213.07356369484606	6.160138779282505
874	213.07095119447186	6.159377331565271
875	213.06833467827232	6.158618882883349
876	213.0657141451353	6.15786343996929
877	213.06308959393414	6.1571110095556545
878	213.0604610235279	6.156361598374994
879	213.05782843276117	6.155615213159867
880	213.05519182046447	6.154871860642828
881	213.05255118545432	6.1541315475564335
882	213.04990652653342	6.15339428063324
883	213.0472578424907	6.1526600666058
884	213.0446051321016	6.151928912206673
885	213.0419483941282	6.151200824168411
886	213.03928762731948	6.150475809223574
887	213.03662283041098	6.149753874104713
888	213.0339540021257	6.149035025544386
889	213.03128114117368	6.14831927027515
890	213.0286042462525	6.147606615029558
891	213.02592331604734	6.14689706654017
892	213.02323834923072	6.146190631539536
893	213.0205493444636	6.145487316760213
894	213.01785630039458	6.144787128934762
895	213.01515921566062	6.1440900747957325
896	213.0124580888873	6.143396161075685
897	213.00975291868812	6.142705394507169
898	213.0070437036659	6.142017781822747
899	213.004330442412	6.14133332975497
900	213.00161313350702	6.140652045036394
901	212.99889177552066	6.139973934399579
902	212.99616636701194	6.139299004577076
903	212.99343690652964	6.138627262301444
904	212.99070339261198	6.1379587143052365
905	212.98796582378728	6.137293367321009
906	212.98522419857386	6.1366312280813196
907	212.9824785154804	6.135972303318721
908	212.9797287730057	6.135316599765771
909	212.97697496963931	6.134664124155024
910	212.97421710386175	6.134014883219036
911	212.97145517414413	6.1333688836903635
912	212.96868917894898	6.132726132301562
913	212.96591911672985	6.132086635785187
914	212.96314498593205	6.131450400873794
915	212.9603667849922	6.130817434299939
916	212.9575845123393	6.130187742796177
917	212.95479816639374	6.129561333095063
918	212.95200774556858	6.128938211929156
919	212.94921324826902	6.128318386031009
920	212.94641467289296	6.127701862133178
921	212.943612017831	6.127088646968219
922	212.94080528146665	6.1264787472686875
923	212.9379944621767	6.12587216976714
924	212.93517955833116	6.12526892119613
925	212.9323605682934	6.124669008288215
926	212.92953749042096	6.1240724377759514
927	212.92671032306458	6.123479216391894
928	212.92387906456972	6.122889350868598
929	212.92104371327582	6.12230284793862
930	212.91820426751673	6.121719714334516
931	212.91536072562107	6.1211399567888405
932	212.9125130859123	6.120563582034148
933	212.90966134670893	6.119990596802997
934	212.90680550632484	6.119421007827942
935	212.90394556306913	6.118854821841538
936	212.9010815152467	6.118292045576342
937	212.8982133611581	6.117732685764909
938	212.8953410991002	6.1171767491397935
939	212.89246472736608	6.116624242433555
940	212.88958424424501	6.116075172378746
941	212.8866996480232	6.115529545707922
942	212.88381093698356	6.114987369153641
943	212.88091810940605	6.114448649448455
944	212.87802116356795	6.113913393324925
945	212.87512009774403	6.113381607515602
946	212.87221491020662	6.112853298753042
947	212.86930559922627	6.112328473769805
948	212.8663921630711	6.111807139298443
949	212.86347460000786	6.111289302071509
950	212.86055290830186	6.110774968821567
951	212.85762708621706	6.110264146281166
952	212.85469713201616	6.109756841182862
953	212.85176304396137	6.109253060259215
954	212.84882482031395	6.108752810242775
955	212.84588245933503	6.108256097866104
956	212.84293595928523	6.107762929861751
957	212.83998531842545	6.107273312962279
958	212.83703053501657	6.106787253900236
959	212.83407160732003	6.106304759408181
960	212.83110853359824	6.105825836218673
961	212.82814131211384	6.1053504910642635
962	212.8251699411313	6.10487873067751
963	212.82219441891576	6.104410561790968
964	212.8192147437344	6.103945991137191
965	212.81623091385595	6.10348502544874
966	212.81324292755116	6.103027671458165
967	212.810250783093	6.102573935898024
968	212.80725447875705	6.102123825500874
969	212.80425401282125	6.101677346999268
970	212.80124938356676	6.1012345071257625
971	212.7982405892777	6.100795312612915
972	212.7952276282417	6.10035977019328
973	212.7922104987497	6.099927886599412
974	212.7891891990967	6.09949966856387
975	212.78616372758182	6.099075122819206
976	212.78313408250824	6.098654256097978
977	212.78010026218368	6.09823707513274
978	212.77706226492091	6.097823586656049
979	212.7740200890374	6.0974137974004625
980	212.77097373285585	6.097007714098529
981	212.76792319470474	6.096605343482814
982	212.76486847291775	6.096206692285867
983	212.76180956583497	6.095811767240244
984	212.75874647180248	6.095420575078505
985	212.7556791891727	6.0950331225331995
986	212.75260771630488	6.094649416336887
987	212.74953205156507	6.094269463222124
988	212.7464521933264	6.0938932699214625
989	212.74336813996973	6.093520843167462
990	212.74027988988314	6.093152189692677
991	212.73718744146274	6.092787316229659
992	212.73409079311298	6.09242622951097
993	212.73098994324639	6.092068936269164
994	212.72788489028426	6.091715443236793
995	212.72477563265684	6.091365757146418
996	212.72166216880325	6.09101988473059
997	212.71854449717236	6.09067783272187
998	212.7154226162223	6.090339607852809
999	212.71229652442133	6.090005216855963
1000	212.7091662202478	6.089674666463891
1001	212.70603170219024	6.089347963409147
1002	212.70289296874807	6.089025114424283
1003	212.69975001843167	6.088706126241861
1004	212.69660284976226	6.088391005594433
1005	212.69345146127273	6.088079759214556
1006	212.69029585150759	6.0877723938347845
1007	212.68713601902317	6.087468916187676
1008	212.6839719623882	6.087169333005784
1009	212.68080368018363	6.086873651021666
1010	212.67763117100336	6.086581876967875
1011	212.67445443345412	6.086294017576971
1012	212.67127346615584	6.086010079581506
1013	212.66808826774218	6.085730069714037
1014	212.66489883686035	6.0854539947071205
1015	212.66170517217162	6.085181861293311
1016	212.6585072723518	6.084913676205165
1017	212.65530513609096	6.084649446175237
1018	212.6520987620942	6.084389177936084
1019	212.6488881490817	6.084132878220262
1020	212.64567329578898	6.083880553760325
1021	212.6424542009674	6.083632211288831
1022	212.63923086338391	6.083387857538333
1023	212.63600328182181	6.083147499241386
1024	212.6327714550812	6.082911143130552
1025	212.6295353819784	6.08267879593838
1026	212.62629506134724	6.082450463793171
1027	212.6230504920383	6.082226150406192
1028	212.61980167292035	6.082005858884456
1029	212.61654860287962	6.081789592334972
1030	212.61329128082042	6.081577353864751
1031	212.6100297056658	6.081369146580805
1032	212.60676387635718	6.081164973590144
1033	212.6034937918551	6.080964837999778
1034	212.60021945113905	6.080768742916719
1035	212.59694085320808	6.080576691447979
1036	212.59365799708115	6.080388686700566
1037	212.59037088179693	6.0802047317814925
1038	212.58707950641426	6.080024829797769
1039	212.58378387001275	6.079848983856406
1040	212.58048397169247	6.079677197064414
1041	212.57717981057456	6.079509472528806
1042	212.57387138580137	6.079345813356591
1043	212.5705586965366	6.079186222654778
1044	212.56724174196592	6.079030703530383
1045	212.56392052129664	6.07887925909041
1046	212.56059503375832	6.078731892441876
1047	212.55726527860315	6.078588606691789
1048	212.5539312551056	6.078449404947159
1049	212.55059296256337	6.078314290315001
1050	212.5472504002969	6.078183265902322
1051	212.54390356765018	6.078056334816131
1052	212.54055246399076	6.077933500163446
1053	212.5371970887099	6.0778147650512695
1054	212.53383744122274	6.0777001325866165
1055	212.5304735209689	6.0775896058765
1056	212.52710532741213	6.077483188027926
1057	212.523732860041	6.077380882147909
1058	212.5203561183688	6.077282691343457
1059	212.51697510193395	6.077188618721582
1060	212.5135898103002	6.077098667389297
1061	212.51020024305654	6.077012840453611
1062	212.50680639981775	6.076931141021532
1063	212.50340828022465	6.0768535722000765
1064	212.50000588394377	6.076780137096249
1065	212.4965992106682	6.076710838817066
1066	212.49318826011725	6.076645680469537
1067	212.489773032037	6.076584665160669
1068	212.48635352620033	6.076527795997478
1069	212.4829297424072	6.076475076086973
1070	212.47950168048456	6.076426508536161
1071	212.47606934028713	6.076382096452061
1072	212.4726327216966	6.076341842941674
1073	212.469191824623	6.076305751112018
1074	212.465746649004	6.076273824070102
1075	212.46229719480522	6.076246064922937
1076	212.45884346202075	6.076222476777533
1077	212.45538545067316	6.076203062740899
1078	212.45192316081338	6.07618782592005
1079	212.4484565925212	6.076176769421993
1080	212.4449857459055	6.076169896353742
1081	212.44151062110402	6.076167209822306
1082	212.4380312182838	6.076168712934697
1083	212.43454753764124	6.076174408797923
1084	212.43105957940236	6.076184300518999
1085	212.42756734382303	6.076198391204933
1086	212.4240708311885	6.076216683962735
1087	212.42057004181447	6.076239181899418
1088	212.41706497604667	6.076265888121993
1089	212.41355563426097	6.076296805737469
1090	212.41004201686394	6.076331937852859
1091	212.40652412429233	6.07637128757517
1092	212.40300195701394	6.076414858011418
1093	212.39947551552726	6.076462652268613
1094	212.39594480036158	6.076514673453759
1095	212.39240981207766	6.076570924673877
1096	212.38887055126713	6.0766314090359685
1097	212.3853270185533	6.07669612964705
1098	212.38177921459055	6.076765089614131
1099	212.3782271400653	6.076838292044222
1100	212.37467079569518	6.076915740044335
1101	212.37111018223015	6.076997436721478
1102	212.3675453004518	6.077083385182667
1103	212.36397615117386	6.077173588534907
1104	212.3604027352421	6.07726804988521
1105	212.35682505353492	6.077366772340592
1106	212.3532431069627	6.077469759008056
1107	212.3496568964685	6.0775770129946185
1108	212.34606642302785	6.07768853740729
1109	212.34247168764912	6.077804335353077
1110	212.33887269137338	6.077924409938995
1111	212.33526943527448	6.078048764272053
1112	212.3316619204593	6.078177401459261
1113	212.3280501480681	6.0783103246076315
1114	212.32443411927355	6.078447536824175
1115	212.32081383528225	6.078589041215902
1116	212.31718929733373	6.078734840889822
1117	212.31356050670104	6.078884938952947
1118	212.30992746469076	6.079039338512288
1119	212.306290172643	6.079198042674857
1120	212.30264863193125	6.079361054547662
1121	212.29900284396302	6.079528377237715
1122	212.2953528101795	6.079700013852027
1123	212.2916985320557	6.07987596749761
1124	212.28804001110046	6.080056241281475
1125	212.28437724885666	6.08024083831063
1126	212.28071024690138	6.080429761692087
1127	212.27703900684537	6.080623014532859
1128	212.2733635303339	6.080820599939954
1129	212.26968381904635	6.081022521020383
1130	212.26599987469623	6.081228780881157
1131	212.2623116990316	6.0814393826292905
1132	212.25861929383467	6.08165432937179
1133	212.25492266092206	6.081873624215666
1134	212.25122180214498	6.0820972702679335
1135	212.24751671938895	6.082325270635599
1136	212.24380741457438	6.082557628425676
1137	212.24009388965564	6.082794346745174
1138	212.23637614662235	6.0830354287011055
1139	212.23265418749827	6.083280877400478
1140	212.2289280143421	6.083530695950307
1141	212.22519762924722	6.0837848874575995
1142	212.22146303434172	6.084043455029367
1143	212.21772423178822	6.084306401772622
1144	212.21398122378443	6.084573730794372
1145	212.21023401256272	6.0848454452016325
1146	212.20648260039033	6.085121548101411
1147	212.2027269895692	6.08540204260072
1148	212.19896718243606	6.085686931806567
1149	212.1952031813629	6.085976218825969
1150	212.1914349887561	6.0862699067659305
1151	212.1876626070572	6.086567998733466
1152	212.18388603874251	6.086870497835586
1153	212.18010528632317	6.0871774071793
1154	212.1763203523453	6.0874887298716205
1155	212.17253123938966	6.087804469019553
1156	212.16873795007245	6.088124627730117
1157	212.16494048704408	6.088449209110316
1158	212.16113885299023	6.088778216267166
1159	212.15733305063134	6.089111652307676
1160	212.15352308272244	6.089449520338853
1161	212.14970895205389	6.089791823467714
1162	212.14589066145047	6.090138564801267
1163	212.14206821377172	6.090489747446523
1164	212.13824161191226	6.090845374510494
1165	212.134410858801	6.091205449100186
1166	212.13057595740221	6.091569974322614
1167	212.12673691071421	6.09193895328479
1168	212.1228937217703	6.092312389093721
1169	212.11904639363834	6.09269028485642
1170	212.1151949294209	6.093072643679901
1171	212.11133933225497	6.093459468671168
1172	212.10747960531208	6.093850762937237
1173	212.10361575179823	6.094246529585116
1174	212.09974777495395	6.094646771721816
1175	212.09587567805403	6.095051492454351
1176	212.09199946440762	6.095460694889729
1177	212.08811913735843	6.09587438213496
1178	212.08423470028407	6.0962925572970565
1179	212.08034615659645	6.09671522348303
1180	212.07645350974164	6.09714238379989
1181	212.07255676319988	6.097574041354648
1182	212.0686559204852	6.098010199254314
1183	212.06475098514574	6.0984508606059
1184	212.06084196076347	6.098896028516417
1185	212.0569288509543	6.099345706092873
1186	212.05301165936763	6.099799896442281
1187	212.04909038968685	6.100258602671653
1188	212.04516504562872	6.100721827887996
1189	212.04123563094376	6.101189575198325
1190	212.03730214941567	6.10166184770965
1191	212.03336460486173	6.102138648528981
1192	212.02942300113233	6.1026199807633255
1193	212.0254773421113	6.103105847519701
1194	212.02152763171537	6.103596251905112
1195	212.0175738738945	6.104091197026573
1196	212.0136160726315	6.104590685991097
1197	212.00965423194188	6.105094721905688
1198	212.00568835587407	6.105603307877364
1199	212.00171844850922	6.10611644701313
1200	211.99774451396084	6.10663414242
1201	211.9937665563751	6.107156397204985
1202	211.98978457993022	6.107683214475093
1203	211.985798588837	6.10821459733734
1204	211.98180858733818	6.108750548898731
1205	211.97781457970862	6.10929107226628
1206	211.97381657025494	6.109836170546998
1207	211.96981456331565	6.110385846847893
1208	211.96580856326105	6.110940104275979
1209	211.96179857449278	6.111498945938267
1210	211.95778460144413	6.112062374941765
1211	211.95376664857957	6.112630394393486
1212	211.94974472039473	6.113203007400441
1213	211.94571882141642	6.113780217069639
1214	211.9416889562023	6.114362026508092
1215	211.93765512934087	6.11494843882281
1216	211.93361734545124	6.115539457120806
1217	211.9295756091831	6.116135084509089
1218	211.92552992521644	6.116735324094669
1219	211.92148029826163	6.117340178984558
1220	211.9174267330591	6.117949652285769
1221	211.9133692343791	6.118563747105309
1222	211.90930780702183	6.119182466550191
1223	211.9052424558172	6.1198058137274245
1224	211.9011731856245	6.12043379174402
1225	211.89710000133232	6.121066403706992
1226	211.8930229078586	6.121703652723345
1227	211.88894191015035	6.122345541900097
1228	211.88485701318328	6.122992074344255
1229	211.8807682219619	6.123643253162831
1230	211.8766755415193	6.1242990814628335
1231	211.87257897691688	6.1249595623512745
1232	211.8684785332443	6.125624698935166
1233	211.86437421561925	6.126294494321518
1234	211.86026602918724	6.1269689516173385
1235	211.85615397912167	6.127648073929644
1236	211.8520380706232	6.1283318643654425
1237	211.8479183089198	6.129020326031745
1238	211.84379469926685	6.129713462035561
1239	211.83966724694656	6.130411275483903
1240	211.83553595726778	6.13111376948378
1241	211.83140083556628	6.131820947142206
1242	211.8272618872037	6.132532811566187
1243	211.82311911756855	6.133249365862739
1244	211.8189725320748	6.133970613138871
1245	211.8148221361625	6.134696556501594
1246	211.8106679352971	6.135427199057917
1247	211.80650993496965	6.13616254391485
1248	211.80234814069652	6.136902594179408
1249	211.7981825580186	6.1376473529586
1250	211.79401319250204	6.138396823359435
1251	211.78984004973734	6.139151008488927
1252	211.7856631353394	6.139909911454083
1253	211.78148245494728	6.140673535361917
1254	211.77729801422402	6.14144188331944
1255	211.7731098188561	6.14221495843366
1256	211.76891787455392	6.142992763811589
1257	211.7647221870508	6.143775302560241
1258	211.76052276210322	6.144562577786621
1259	211.7563196054905	6.1453545925977435
1260	211.75211272301448	6.14615135010062
1261	211.74790212049936	6.14695285340226
1262	211.74368780379146	6.147759105609674
1263	211.7394697787588	6.148570109829872
1264	211.73524805129142	6.149385869169867
1265	211.7310226273004	6.150206386736668
1266	211.7267935127181	6.151031665637288
1267	211.72256071349778	6.151861708978737
1268	211.71832423561332	6.152696519868025
1269	211.714084085059	6.15353610141216
1270	211.70984026784936	6.154380456718161
1271	211.70559279001858	6.155229588893029
1272	211.70134165762082	6.156083501043781
1273	211.69708687672932	6.156942196277426
1274	211.6928284534366	6.157805677700979
1275	211.68856639385393	6.158673948421443
1276	211.6843007041113	6.159547011545834
1277	211.68003139035687	6.160424870181163
1278	211.67575845875703	6.161307527434437
1279	211.67148191549575	6.162194986412671
1280	211.6672017667746	6.163087250222874
1281	211.66291801881246	6.163984321972057
1282	211.658630677845	6.164886204767232
1283	211.65433975012456	6.165792901715406
1284	211.65004524192005	6.1667044159235935
1285	211.64574715951628	6.167620750498805
1286	211.64144550921392	6.16854190854805
1287	211.63714029732935	6.169467893178339
1288	211.63283153019384	6.170398707496687
1289	211.62851921415393	6.1713343546100985
1290	211.62420335557047	6.172274837625589
1291	211.61988396081892	6.1732201596501675
1292	211.61556103628868	6.174170323790844
1293	211.61123458838287	6.175125333154632
1294	211.60690462351803	6.176085190848539
1295	211.60257114812393	6.177049899979578
1296	211.59823416864296	6.17801946365476
1297	211.59389369153035	6.178993884981095
1298	211.58954972325307	6.179973167065595
1299	211.5852022702903	6.180957313015268
1300	211.58085133913266	6.181946325937127
1301	211.57649693628198	6.182940208938182
1302	211.57213906825118	6.183938965125445
1303	211.56777774156348	6.184942597605927
1304	211.56341296275252	6.185951109486636
1305	211.55904473836196	6.186964503874585
1306	211.55467307494501	6.187982783876788
1307	211.55029797906377	6.189005952600247
1308	211.54591945729	6.190034013151982
1309	211.54153751620348	6.191066968638999
1310	211.53715216239237	6.19210482216831
1311	211.53276340245299	6.193147576846926
1312	211.52837124298892	6.194195235781856
1313	211.52397569061097	6.195247802080114
1314	211.51957675193714	6.19630527884871
1315	211.51517443359154	6.197367669194651
1316	211.5107687422048	6.198434976224954
1317	211.50635968441318	6.199507203046624
1318	211.50194726685837	6.200584352766674
1319	211.49753149618735	6.201666428492118
1320	211.49311237905158	6.2027534333299625
1321	211.48868992210708	6.203845370387222
1322	211.4842641320138	6.204942242770903
1323	211.47983501543527	6.20604405358802
1324	211.47540257903844	6.207150805945581
1325	211.47096682949305	6.208262502950596
1326	211.4665277734713	6.209379147710082
1327	211.46208541764773	6.210500743331044
1328	211.4576397686984	6.211627292920497
1329	211.4531908333009	6.212758799585447
1330	211.44873861813386	6.213895266432909
1331	211.44428312987637	6.21503669656989
1332	211.4398243752078	6.216183093103403
1333	211.43536236080743	6.21733445914046
1334	211.43089709335388	6.21849079778807
1335	211.426428579525	6.219652112153247
1336	211.42195682599694	6.220818405342996
1337	211.41748183944446	6.2219896804643335
1338	211.41300362653988	6.223165940624268
1339	211.40852219395325	6.224347188929807
1340	211.4040375483514	6.225533428487968
1341	211.399549696398	6.226724662405757
1342	211.3950586447528	6.227920893790186
1343	211.39056440007136	6.229122125748267
1344	211.3860669690048	6.230328361387008
1345	211.381566358199	6.231539603813422
1346	211.37706257429465	6.2327558561345215
1347	211.37255562392625	6.233977121457314
1348	211.3680455137224	6.2352034028888115
1349	211.36353225030467	6.236434703536026
1350	211.3590158402877	6.237671026505966
1351	211.35449629027846	6.238912374905643
1352	211.34997360687603	6.240158751842071
1353	211.34544779667087	6.241410160422257
1354	211.34091886624478	6.242666603753214
1355	211.33638682217014	6.24392808494195
1356	211.33185167100962	6.2451946070954785
1357	211.32731341931557	6.246466173320809
1358	211.3227720736301	6.247742786724953
1359	211.3182276404838	6.2490244504149235
1360	211.31368012639595	6.250311167497727
1361	211.30912953787387	6.251602941080376
1362	211.30457588141226	6.252899774269881
1363	211.30001916349312	6.254201670173256
1364	211.29545939058514	6.2555086318975075
1365	211.29089656914294	6.256820662549648
1366	211.28633070560718	6.2581377652366905
1367	211.2817618064036	6.259459943065643
1368	211.2771898779428	6.2607871991435164
1369	211.27261492661964	6.262119536577324
1370	211.26803695881293	6.263456958474072
1371	211.26345598088488	6.264799467940775
1372	211.2588719991805	6.266147068084444
1373	211.25428502002734	6.267499762012088
1374	211.24969504973487	6.268857552830717
1375	211.24510209459407	6.2702204436473465
1376	211.24050616087675	6.2715884375689805
1377	211.23590725483547	6.272961537702637
1378	211.23130538270257	6.274339747155321
1379	211.22670055069017	6.275723069034047
1380	211.22209276498907	6.2771115064458245
1381	211.21748203176895	6.278505062497664
1382	211.21286835717734	6.279903740296577
1383	211.20825174733935	6.281307542949572
1384	211.20363220835708	6.282716473563663
1385	211.19900974630932	6.284130535245861
1386	211.19438436725065	6.285549731103174
1387	211.1897560772114	6.286974064242615
1388	211.18512488219676	6.2884035377711935
1389	211.1804907881864	6.289838154795921
1390	211.17585380113425	6.291277918423808
1391	211.17121392696728	6.292722831761866
1392	211.16657117158564	6.294172897917106
1393	211.161925540862	6.295628119996537
1394	211.1572770406407	6.297088501107171
1395	211.15262567673759	6.298554044356018
1396	211.14797145493947	6.300024752850091
1397	211.14331438100305	6.301500629696399
1398	211.13865446065546	6.302981678001954
1399	211.13399169959246	6.304467900873766
1400	211.1293261034788	6.305959301418844
1401	211.1246576779477	6.307455882744206
1402	211.1199864285993	6.308957647956853
1403	211.11531236100154	6.3104646001638
1404	211.11063548068856	6.31197674247206
1405	211.10595579316046	6.313494077988643
1406	211.101273303883	6.315016609820558
1407	211.0965880182866	6.316544341074816
1408	211.09189994176617	6.318077274858429
1409	211.08720907968058	6.319615414278407
1410	211.08251543735145	6.321158762441761
1411	211.07781902006346	6.322707322455503
1412	211.07311983306334	6.324261097426642
1413	211.06841788155936	6.32582009046219
1414	211.06371317072046	6.327384304669158
1415	211.0590057056765	6.328953743154555
1416	211.05429549151674	6.330528409025393
1417	211.04958253329005	6.332108305388685
1418	211.04486683600365	6.33369343535144
1419	211.04014840462298	6.335283802020666
1420	211.03542724407114	6.3368794085033775
1421	211.0307033592281	6.338480257906583
1422	211.02597675493013	6.340086353337297
1423	211.02124743596926	6.341697697902526
1424	211.01651540709287	6.343314294709283
1425	211.0117806730027	6.34493614686458
1426	211.00704323835456	6.346563257475425
1427	211.00230310775785	6.3481956296488296
1428	210.99756028577457	6.349833266491807
1429	210.99281477691892	6.351476171111365
1430	210.98806658565687	6.353124346614516
1431	210.98331571640517	6.35477779610827
1432	210.97856217353117	6.3564365226996395
1433	210.97380596135184	6.3581005294956325
1434	210.9690470841335	6.359769819603263
1435	210.9642855460908	6.361444396129539
1436	210.95952135138648	6.363124262181472
1437	210.9547545041307	6.3648094208660755
1438	210.94998500838008	6.366499875290357
1439	210.94521286813756	6.368195628561328
1440	210.94043808735137	6.369896683786002
1441	210.9356606699147	6.371603044071387
1442	210.93088061966486	6.373314712524492
1443	210.92609794038282	6.375031692252334
1444	210.92131263579236	6.376753986361917
1445	210.91652470955978	6.378481597960256
1446	210.91173416529287	6.380214530154362
1447	210.9069410065405	6.381952786051244
1448	210.90214523679197	6.383696368757912
1449	210.89734685947636	6.38544528138138
1450	210.89254587796174	6.387199527028656
1451	210.88774229555472	6.388959108806754
1452	210.88293611549975	6.390724029822682
1453	210.8781273409782	6.392494293183448
1454	210.8733159751083	6.394269901996072
1455	210.86850202094388	6.396050859367556
1456	210.8636854814739	6.397837168404914
1457	210.85886635962214	6.399628832215157
1458	210.85404465824598	6.401425853905296
1459	210.84922038013593	6.403228236582342
1460	210.84439352801542	6.405035983353304
1461	210.83956410453922	6.406849097325198
1462	210.83473211229364	6.408667581605026
1463	210.82989755379546	6.410491439299806
1464	210.82506043149112	6.412320673516547
1465	210.82022074775645	6.414155287362259
1466	210.8153785048955	6.415995283943953
1467	210.8105337051404	6.417840666368642
1468	210.80568635064998	6.4196914377433325
1469	210.80083644351004	6.421547601175037
1470	210.79598398573162	6.42340915977077
1471	210.79112897925094	6.425276116637536
1472	210.7862714259288	6.427148474882353
1473	210.78141132754936	6.429026237612227
1474	210.77654868581982	6.430909407934168
1475	210.7716835023696	6.4327979889551905
1476	210.76681577874984	6.434691983782303
1477	210.7619455164322	6.436591395522516
1478	210.75707271680884	6.438496227282843
1479	210.75219738119108	6.440406482170291
1480	210.74731951080904	6.442322163291872
1481	210.742439106811	6.4442432737546005
1482	210.73755617026214	6.446169816665483
1483	210.73267070214456	6.4481017951315325
1484	210.72778270335613	6.4500392122597585
1485	210.7228921747097	6.451982071157172
1486	210.71799911693273	6.453930374930785
1487	210.71310353066625	6.455884126687607
1488	210.70820541646412	6.457843329534649
1489	210.7033047747927	6.459807986578924
1490	210.69840160602956	6.4617781009274395
1491	210.69349591046318	6.463753675687208
1492	210.688587688292	6.46573471396524
1493	210.68367693962367	6.4677212188685465
1494	210.67876366447447	6.46971319350414
1495	210.6738478627684	6.471710640979027
1496	210.66892953433648	6.473713564400223
1497	210.66400867891622	6.475721966874737
1498	210.6590852961503	6.477735851509578
1499	210.65415938558647	6.47975522141176
1500	210.64923094667643	6.481780079688292
1501	210.64429997877514	6.483810429446183
1502	210.63936648114023	6.485846273792449
1503	210.63443045293076	6.487887615834095
1504	210.629491893207	6.489934458678135
1505	210.62455080092954	6.491986805431581
1506	210.61960717495808	6.49404465920144
1507	210.6146610140514	6.4961080230947275
1508	210.60971231686594	6.498176900218452
1509	210.6047610819553	6.500251293679621
1510	210.59980730776965	6.50233120658525
1511	210.59485099265441	6.504416642042349
1512	210.58989213485006	6.506507603157927
1513	210.58493073249096	6.508604093038997
1514	210.5799667836049	6.510706114792569
1515	210.57500028611184	6.512813671525653
1516	210.57003123782354	6.51492676634526
1517	210.5650596364426	6.517045402358403
1518	210.56008547956168	6.51916958267209
1519	210.55510876466286	6.521299310393334
1520	210.5501294891164	6.523434588629142
1521	210.5451476501805	6.52557542048653
1522	210.54016324500012	6.527721809072505
1523	210.5351762706062	6.529873757494079
1524	210.5301867239151	6.532031268858264
1525	210.5251946017275	6.534194346272069
1526	210.52019990072793	6.536362992842507
1527	210.5152026174834	6.538537211676585
1528	210.5102027484431	6.540717005881319
1529	210.50520028993762	6.542902378563719
1530	210.50019523817738	6.545093332830788
1531	210.49518758925308	6.547289871789547
1532	210.4901773391334	6.549491998547001
1533	210.4851644836654	6.5516997162101624
1534	210.480149018573	6.553913027886043
1535	210.47513093945636	6.556131936681652
1536	210.47011024179125	6.558356443430075
1537	210.46508692092766	6.56058653986868
1538	210.4600609720896	6.562822215460916
1539	210.45503239037387	6.565063459670227
1540	210.45000117074937	6.5673102619600545
1541	210.44496730805653	6.569562611793848
1542	210.43993079700618	6.571820498635049
1543	210.43489163217924	6.5740839119471035
1544	210.42984980802558	6.576352841193457
1545	210.4248053188636	6.578627275837554
1546	210.41975815887957	6.580907205342838
1547	210.4147083221267	6.583192619172756
1548	210.40965580252464	6.585483506790751
1549	210.40460059385896	6.5877798576602675
1550	210.39954268978042	6.590081661244752
1551	210.39448208380446	6.592388907007648
1552	210.38941876931042	6.594701584412402
1553	210.38435273954116	6.597019682922455
1554	210.37928398760255	6.599343192001256
1555	210.37421250646287	6.601672101112248
1556	210.36913828895226	6.604006399718877
1557	210.36406132776244	6.606346077284583
1558	210.35898161544583	6.608691123272816
1559	210.3538991444157	6.611041527147021
1560	210.3488139069451	6.613397278370641
1561	210.34372589516707	6.61575836640712
1562	210.3386351010736	6.618124780719905
1563	210.33354151651577	6.620496510772439
1564	210.32844513320327	6.622873546028167
1565	210.3233459427039	6.625255875950535
1566	210.31824393644314	6.627643490002985
1567	210.31313910570444	6.630036377648965
1568	210.30803144162832	6.632434528351919
1569	210.30292093521228	6.634837931575291
1570	210.29780757731072	6.637246576782527
1571	210.29269135863453	6.6396604534370685
1572	210.28757226975083	6.6420795510023645
1573	210.28245030108292	6.6445038589418575
1574	210.27732544291007	6.646933366718993
1575	210.27219768536747	6.649368063797215
1576	210.26706701844572	6.65180793963997
1577	210.26193343199097	6.654252983710701
1578	210.256796915705	6.656703185472856
1579	210.2516574591447	6.659158534389875
1580	210.2465150517221	6.661619019925205
1581	210.24136968270489	6.664084631542292
1582	210.23622134121544	6.6665553587045805
1583	210.23107001623163	6.669031190875512
1584	210.2259156965862	6.671512117518534
1585	210.22075837096736	6.673998128097094
1586	210.21559802791822	6.676489212074633
1587	210.21043465583745	6.678985358914597
1588	210.20526824297883	6.681486558080429
1589	210.20009877745167	6.683992799035576
1590	210.19492624722088	6.686504071243483
1591	210.1897506401069	6.689020364167595
1592	210.18457194378612	6.691541667271354
1593	210.17939014579085	6.694067970018205
1594	210.1742052335095	6.696599261871597
1595	210.1690171941871	6.699135532294974
1596	210.16382601492475	6.701676770751774
1597	210.15863168268098	6.7042229667054505
1598	210.15343418427096	6.706774109619442
1599	210.14823350636746	6.709330188957198
1600	210.1430296355006	6.711891194182161
1601	210.13782255805873	6.714457114757776
1602	210.13261226028837	6.717027940147488
1603	210.12739872829457	6.719603659814741
1604	210.1221819480414	6.72218426322298
1605	210.11696190535238	6.72476973983565
1606	210.1117385859107	6.727360079116196
1607	210.1065119752597	6.729955270528064
1608	210.10128205880335	6.732555303534696
1609	210.09604882180682	6.735160167599541
1610	210.09081224939646	6.737769852186039
1611	210.0855723265611	6.740384346757639
1612	210.08032903815166	6.743003640777783
1613	210.0750823688824	6.745627723709916
1614	210.06983230333103	6.748256585017483
1615	210.06457882593946	6.750890214163929
1616	210.0593219210144	6.753528600612701
1617	210.05406157272773	6.756171733827241
1618	210.04879776511746	6.758819603270995
1619	210.04353048208802	6.761472198407407
1620	210.0382597074111	6.764129508699922
1621	210.03298542472643	6.766791523611986
1622	210.02770761754212	6.769458232607041
1623	210.0224262692357	6.772129625148536
1624	210.01714136305472	6.774805690699913
1625	210.01185288211732	6.777486418724615
1626	210.00656080941351	6.780171798686092
1627	210.00126512780506	6.782861820047784
1628	209.99596582002735	6.7855564722731385
1629	209.9906628686893	6.7882557448256
1630	209.98535625627468	6.79095962716861
1631	209.980045965143	6.793668108765616
1632	209.97473197753	6.796381179080067
1633	209.96941427554881	6.799098827575401
1634	209.96409284119082	6.801821043715066
1635	209.95876765632656	6.804547816962506
1636	209.95343870270668	6.807279136781168
1637	209.94810596196288	6.8100149926344935
1638	209.94276941560886	6.812755373985927
1639	209.93742904504148	6.815500270298917
1640	209.93208483154137	6.818249671036906
1641	209.9267367562745	6.821003565663338
1642	209.92138480029274	6.823761943641659
1643	209.91602894453536	6.826524794435315
1644	209.91066916982967	6.829292107507748
1645	209.90530545689256	6.832063872322407
1646	209.8999377863312	6.83484007834273
1647	209.8945661386445	6.83762071503217
1648	209.88919049422418	6.840405771854166
1649	209.8838108333558	6.8431952382721635
1650	209.87842713622027	6.84598910374961
1651	209.87303938289443	6.848787357749946
1652	209.86764755335335	6.851589989736623
1653	209.86225162747033	6.854396989173077
1654	209.8568515850191	6.85720834552276
1655	209.85144740567466	6.860024048249114
1656	209.84603906901475	6.862844086815586
1657	209.84062655452098	6.865668450685616
1658	209.8352098415805	6.868497129322654
1659	209.82978890948684	6.871330112190141
1660	209.82436373744193	6.874167388751524
1661	209.8189343045569	6.877008948470247
1662	209.8135005898539	6.879854780809755
1663	209.8080625722672	6.882704875233492
1664	209.80262023064498	6.885559221204906
1665	209.79717354375055	6.8884178081874365
1666	209.79172249026377	6.891280625644532
1667	209.78626704878275	6.894147663039636
1668	209.78080719782548	6.897018909836196
1669	209.77534291583083	6.899894355497652
1670	209.76987418116067	6.90277398948745
1671	209.76440097210124	6.90565780126904
1672	209.75892326686457	6.908545780305861
1673	209.75344104359021	6.9114379160613595
1674	209.74795428034727	6.914334197998983
1675	209.74246295513504	6.917234615582171
1676	209.7369670458858	6.920139158274372
1677	209.73146653046572	6.92304781553903
1678	209.72596138667691	6.925960576839589
1679	209.7204515922591	6.928877431639496
1680	209.71493712489112	6.931798369402195
1681	209.7094179621931	6.934723379591127
1682	209.7038940817277	6.937652451669742
1683	209.6983654610024	6.940585575101483
1684	209.692832077471	6.943522739349794
1685	209.68729390853565	6.94646393387812
1686	209.68175093154852	6.949409148149907
1687	209.67620312381348	6.952358371628599
1688	209.67065046258855	6.955311593777641
1689	209.6650929250873	6.958268804060476
1690	209.65953048848095	6.961229991940552
1691	209.65396312990012	6.964195146881312
1692	209.64839082643726	6.967164258346202
1693	209.6428135551479	6.970137315798662
1694	209.63723129305345	6.9731143087021445
1695	209.6316440171423	6.976095226520089
1696	209.62605170437274	6.97908005871594
1697	209.62045433167424	6.982068794753145
1698	209.61485187595025	6.98506142409515
1699	209.60924431407935	6.988057936205395
1700	209.60363162291839	6.99105832054733
1701	209.59801377930376	6.994062566584395
1702	209.59239076005375	6.997070663780038
1703	209.58676254197127	7.000082601597701
1704	209.581129101845	7.003098369500831
1705	209.57549041645242	7.006117956952876
1706	209.56984646256151	7.009141353417274
1707	209.5641972169333	7.012168548357472
1708	209.55854265632397	7.015199531236918
1709	209.55288275748703	7.018234291519057
1710	209.54721749717552	7.021272818667326
1711	209.54154685214485	7.024315102145178
1712	209.5358707991544	7.027361131416055
1713	209.53018931497022	7.030410895943401
1714	209.52450237636737	7.033464385190662
1715	209.51880996013205	7.036521588621283
1716	209.51311204306447	7.039582495698707
1717	209.50740860198079	7.042647095886382
1718	209.50169961371552	7.045715378647749
1719	209.49598505512444	7.048787333446256
1720	209.4902649030864	7.0518629497453444
1721	209.48453913450646	7.054942217008462
1722	209.47880772631794	7.0580251246990535
1723	209.4730706554849	7.061111662280562
1724	209.46732789900497	7.064201819216435
1725	209.46157943391174	7.067295584970115
1726	209.45582523727722	7.070392949005045
1727	209.4500652862146	7.0734939007846735
1728	209.44429955788067	7.076598429772442
1729	209.43852802947865	7.079706525431798
1730	209.43275067826067	7.082818177226189
1731	209.42696748153043	7.085933374619053
1732	209.42117841664592	7.089052107073839
1733	209.41538346102212	7.0921743640539905
1734	209.40958259213363	7.095300135022952
1735	209.40377578751742	7.098429409444169
1736	209.39796302477578	7.101562176781087
1737	209.39214428157877	7.10469842649715
1738	209.38631953566693	7.107838148055802
1739	209.38048876485465	7.11098133092049
1740	209.37465194703233	7.1141279645546565
1741	209.36880906016975	7.117278038421748
1742	209.3629600823183	7.120431541985208
1743	209.3571049916145	7.123588464708482
1744	209.35124376628266	7.126748796055015
1745	209.34537638463743	7.129912525488251
1746	209.33950282508727	7.133079642471635
1747	209.333623066137	7.136250136468613
1748	209.32773708639104	7.139423996942629
1749	209.32184486455606	7.1426012133571275
1750	209.31594637944434	7.145781775175553
1751	209.31004160997654	7.14896567186135
1752	209.30413053518484	7.1521528928779645
1753	209.29821313421593	7.155343427688842
1754	209.29228938633386	7.158537265757426
1755	209.28635927092392	7.1617343965471605
1756	209.28042276749466	7.164934809521493
1757	209.27447985568176	7.168138494143865
1758	209.26853051525094	7.171345439877724
1759	209.26257472610112	7.174555636186515
1760	209.25661246826755	7.177769072533677
1761	209.25064372192517	7.180985738382663
1762	209.24466846739165	7.184205623196914
1763	209.23868668513057	7.187428716439873
1764	209.23269835575496	7.190655007574989
1765	209.2267034600303	7.193884486065704
1766	209.22070197887788	7.197117141375459
1767	209.21469389337815	7.200352962967709
1768	209.20867918477398	7.2035919403058895
1769	209.20265783447394	7.206834062853451
1770	209.19662982405583	7.210079320073835
1771	209.1905951352701	7.213327701430485
1772	209.18455375004277	7.216579196386852
1773	209.1785056504793	7.219833794406376
1774	209.17245081886816	7.223091484952502
1775	209.1663892376835	7.226352257488676
1776	209.16032088958963	7.22961610147834
1777	209.15424575744368	7.232883006384945
1778	209.14816382429956	7.23615296167193
1779	209.14207507341112	7.239425956802742
1780	209.1359794882363	7.242701981240827
1781	209.12987705243984	7.245981024449625
1782	209.12376774989767	7.2492630758925864
1783	209.1176515646998	7.252548125033151
1784	209.11152848115455	7.255836161334769
1785	209.1053984837917	7.2591271742608825
1786	209.09926155736642	7.2624211532749365
1787	209.0931176868628	7.2657180878403755
1788	209.0869668574975	7.269017967420643
1789	209.0808090547234	7.272320781479185
1790	209.07464426423394	7.27562651947945
1791	209.0684724719658	7.278935170884877
1792	209.0622936641034	7.282246725158913
1793	209.0561078270825	7.285561171765004
1794	209.04991494759395	7.288878500166591
1795	209.04371501258748	7.292198699827126
1796	209.03750800927543	7.295521760210045
1797	209.03129392513694	7.2988476707788
1798	209.02507274792154	7.302176420996831
1799	209.01884446565296	7.305508000327589
1800	209.01260906663316	7.308842398234511
1801	209.00636653944628	7.312179604181047
1802	209.00011687296245	7.315519607630639
1803	208.9938600563419	7.318862398046732
1804	208.98759607903904	7.322207964892774
1805	208.98132493080567	7.325556297632205
1806	208.9750466016961	7.328907385728476
1807	208.96876108207044	7.332261218645024
1808	208.96246836259888	7.335617785845302
1809	208.95616843426552	7.338977076792747
1810	208.94986128837306	7.342339080950811
1811	208.943546916546	7.345703787782933
1812	208.93722531073564	7.349071186752564
1813	208.9308964632234	7.352441267323139
1814	208.92456036662574	7.355814018958114
1815	208.91821701389767	7.359189431120926
1816	208.91186639833748	7.362567493275024
1817	208.90550851359038	7.36594819488385
1818	208.89914335365333	7.36933152541085
1819	208.89277091287877	7.372717474319468
1820	208.8863911859793	7.376106031073152
1821	208.88000416803143	7.379497185135342
1822	208.8736098544805	7.3828909259694875
1823	208.86720824114448	7.38628724303903
1824	208.8607993242187	7.389686125807415
1825	208.85438310027976	7.393087563738088
1826	208.84795956629023	7.396491546294493
1827	208.84152871960288	7.399898062940075
1828	208.83509055796546	7.403307103138279
1829	208.8286450795244	7.406718656352551
1830	208.8221922828298	7.410132712046336
1831	208.81573216683975	7.413549259683073
1832	208.8092647309249	7.416968288726215
1833	208.8027899748725	7.420389788639203
1834	208.7963078988917	7.423813748885479
1835	208.7898185036174	7.427240158928494
1836	208.78332179011485	7.430669008231686
1837	208.77681775988484	7.4341002862585075
1838	208.77030641486743	7.437533982472394
1839	208.7637877574472	7.440970086336799
1840	208.7572617904575	7.444408587315162
1841	208.75072851718537	7.447849474870931
1842	208.74418794137569	7.451292738467547
1843	208.73764006723673	7.45473836756846
1844	208.73108489944377	7.458186351637108
1845	208.7245224431448	7.461636680136943
1846	208.71795270396453	7.465089342531405
1847	208.71137568800947	7.468544328283942
1848	208.70479140187254	7.472001626857995
1849	208.69819985263828	7.4754612277170125
1850	208.69160104788676	7.478923120324436
1851	208.6849949956995	7.482387294143712
1852	208.67838170466337	7.485853738638286
1853	208.67176118387601	7.489322443271603
1854	208.66513344295035	7.492793397507107
1855	208.65849849201982	7.49626659080824
1856	208.6518563417431	7.4997420126384515
1857	208.64520700330885	7.503219652461184
1858	208.63855048844113	7.506699499739883
1859	208.6318868094039	7.510181543937992
1860	208.6252159790062	7.513665774518957
1861	208.6185380106072	7.517152180946223
1862	208.61185291812106	7.520640752683233
1863	208.60516071602214	7.524131479193436
1864	208.59846141934972	7.527624349940272
1865	208.5917550437137	7.531119354387187
1866	208.585041605299	7.534616481997627
1867	208.57832112087107	7.538115722235036
1868	208.57159360778087	7.54161706456286
1869	208.56485908397008	7.545120498444542
1870	208.55811756797624	7.5486260133435295
1871	208.5513690789377	7.5521335987232625
1872	208.54461363659954	7.555643244047191
1873	208.53785126131777	7.559154938778758
1874	208.5310819740652	7.562668672381407
1875	208.5243057964367	7.566184434318583
1876	208.51752275065417	7.569702214053731
1877	208.51073285957224	7.573222001050299
1878	208.5039361466828	7.576743784771727
1879	208.49713263612153	7.580267554681464
1880	208.4903223526719	7.583793300242952
1881	208.48350532177156	7.587321010919636
1882	208.47668156951724	7.590850676174961
1883	208.46985112267026	7.594382285472374
1884	208.46301400866176	7.5979158282753145
1885	208.45617025559855	7.601451294047234
1886	208.44931989226814	7.604988672251571
1887	208.44246294814434	7.608527952351777
1888	208.43559945339283	7.612069123811289
1889	208.42872943887673	7.61561217609356
1890	208.42185293616166	7.619157098662027
1891	208.41496997752196	7.622703880980142
1892	208.4080805959456	7.626252512511344
1893	208.4011848251404	7.629802982719081
1894	208.39428269953885	7.633355281066797
1895	208.38737425430458	7.636909397017938
1896	208.38045952533716	7.640465320035945
1897	208.3735385492785	7.644023039584267
1898	208.36661136351782	7.647582545126346
1899	208.35967800619795	7.6511438261256295
1900	208.3527385162206	7.654706872045559
1901	208.34579293325228	7.658271672349583
1902	208.33884129772989	7.661838216501144
1903	208.33188365086676	7.665406493963686
1904	208.324920034658	7.668976494200655
1905	208.3179504918868	7.672548206675497
1906	208.31097506612969	7.676121620851655
1907	208.3039938017629	7.679696726192574
1908	208.2970067439677	7.6832735121616995
1909	208.2900139387366	7.686851968222475
1910	208.28301543287935	7.69043208383835
1911	208.27601127402818	7.6940138484727605
1912	208.26900151064473	7.69759725158916
1913	208.26198619202484	7.701182282650986
1914	208.25496536830568	7.704768931121693
1915	208.2479390904706	7.708357186464715
1916	208.24090741035593	7.711947038143505
1917	208.23387038065667	7.715538475621502
1918	208.22682805493244	7.719131488362152
1919	208.21978048761395	7.722726065828903
1920	208.21272773400827	7.726322197485198
1921	208.2056698503058	7.729919872794481
1922	208.19860689358575	7.733519081220196
1923	208.19153892182246	7.73711981222579
1924	208.18446599389165	7.740722055274708
1925	208.17738816957632	7.744325799830392
1926	208.17030550957313	7.747931035356292
1927	208.16321807549858	7.751537751315848
1928	208.15612592989487	7.755145937172504
1929	208.1490291362368	7.7587555823897105
1930	208.14192775893727	7.762366676430906
1931	208.1348218633541	7.765979208759539
1932	208.12771151579608	7.769593168839054
1933	208.12059678352907	7.773208546132895
1934	208.11347773478275	7.776825330104506
1935	208.10635443875674	7.780443510217333
1936	208.0992269656267	7.784063075934822
1937	208.09209538655116	7.787684016720416
1938	208.0849597736776	7.79130632203756
1939	208.07782020014895	7.794929981349698
1940	208.07067674010995	7.798554984120278
1941	208.06352946871354	7.80218131981274
1942	208.05637846212775	7.805808977890534
1943	208.04922379754154	7.809437947817102
1944	208.04206555317168	7.8130682190558876
1945	208.03490380826918	7.816699781070339
1946	208.02773864312582	7.820332623323896
1947	208.02057013908075	7.823966735280008
1948	208.013398378527	7.82760210640212
1949	208.0062234449179	7.831238726153672
1950	207.9990454227741	7.834876583998114
1951	207.99186439768977	7.8385156693988876
1952	207.98468045633945	7.842155971819439
1953	207.9774936864847	7.845797480723212
1954	207.9703041769808	7.849440185573654
1955	207.96311201778317	7.853084075834207
1956	207.9559172999546	7.856729140968317
1957	207.94872011567134	7.860375370439426
1958	207.94152055823056	7.864022753710984
1959	207.9343187220563	7.867671280246433
1960	207.92711470270712	7.871320939509218
1961	207.91990859688218	7.874971720962783
1962	207.9127005024285	7.878623614070572
1963	207.90549051834756	7.882276608296033
1964	207.89827874480233	7.885930693102608
1965	207.89106528312396	7.889585857953745
1966	207.88385023581884	7.893242092312885
1967	207.87663370657538	7.896899385643474
1968	207.86941580027104	7.900557727408958
1969	207.86219662297924	7.90421710707278
1970	207.85497628197632	7.90787751409839
1971	207.84775488574837	7.911538937949223
1972	207.84053254399862	7.915201368088733
1973	207.83330936765395	7.91886479398036
1974	207.82608546887246	7.92252920508755
1975	207.81886096105006	7.9261945908737514
1976	207.8116359588277	7.929860940802401
1977	207.80441057809873	7.933528244336951
1978	207.7971849360154	7.937196490940842
1979	207.7899591509967	7.940865670077519
1980	207.782733342735	7.944535771210429
1981	207.77550763220353	7.948206783803016
1982	207.768282141663	7.951878697318723
1983	207.7610569946697	7.955551501221
1984	207.75383231608185	7.959225184973285
1985	207.74660823206744	7.962899738039027
1986	207.73938487011105	7.96657514988167
1987	207.7321623590214	7.970251409964658
1988	207.72494082893857	7.973928507751435
1989	207.71772041134125	7.97760643270545
1990	207.71050123905405	7.981285174290143
1991	207.703283446255	7.984964721968962
1992	207.69606716848278	7.98864506520535
1993	207.68885254264399	7.992326193462752
1994	207.6816397070208	7.996008096204612
1995	207.67442880127822	7.999690762894378
1996	207.66721996647152	8.00337418299549
1997	207.6600133450538	8.007058345971398
1998	207.6528090808833	8.010743241285544
1999	207.64560731923086	8.014428858401374
2000	207.6384082067878	8.018115186782332
2001	207.6312118916728	8.02180221589186
2002	207.62401852344004	8.025489935193407
2003	207.61682825308657	8.029178334150417
2004	207.60964123305962	8.032867402226334
2005	207.60245761726463	8.036557128884601
2006	207.59527756107252	8.040247503588667
2007	207.58810122132755	8.043938515801974
2008	207.58092875635475	8.047630154987969
2009	207.57376032596764	8.051322410610092
2010	207.56659609147633	8.055015272131795
2011	207.55943621569446	8.058708729016514
2012	207.55228086294755	8.062402770727703
2013	207.54513019908046	8.0660973867288
2014	207.53798439146527	8.069792566483253
2015	207.5308436090089	8.073488299454503
2016	207.5237080221611	8.077184575106001
2017	207.51657780292206	8.080881382901188
2018	207.50945312485038	8.084578712303509
2019	207.5023341630709	8.08827655277641
2020	207.49522109428247	8.091974893783334
2021	207.48811409676603	8.095673724787726
2022	207.48101335039206	8.099373035253032
2023	207.4739190366293	8.1030728146427
2024	207.46683133855186	8.106773052420168
2025	207.45975044084764	8.110473738048885
2026	207.4526765298262	8.114174860992293
2027	207.44560979342668	8.11787641071384
2028	207.4385504212259	8.121578376676968
2029	207.43149860444643	8.125280748345126
2030	207.42445453596434	8.128983515181755
2031	207.4174184103178	8.132686666650299
2032	207.41039042371457	8.136390192214206
2033	207.4033707740406	8.14009408133692
2034	207.39635966086772	8.143798323481883
2035	207.38935728546213	8.147502908112545
2036	207.38236385079236	8.151207824692346
2037	207.37537956153741	8.154913062684733
2038	207.3684046240951	8.158618611553148
2039	207.36143924659027	8.162324460761045
2040	207.35448363888273	8.166030599771856
2041	207.3475380125758	8.169737018049034
2042	207.34060258102446	8.173443705056021
2043	207.3336775593438	8.177150650256262
2044	207.30647382765164	8.145410897226778
2045	207.29916031797643	8.148045621996909
2046	207.29184680830124	8.15068034676704
2047	207.28453329862603	8.153315071537168
2048	207.27721978895084	8.155949796307299
2049	207.26990627927563	8.15858452107743
2050	207.26259276960042	8.16121924584756
2051	207.25527925992523	8.16385397061769
2052	207.24796575025002	8.16648869538782
2053	207.24065224057483	8.16912342015795
2054	207.23333873089962	8.17175814492808
2055	207.2260252212244	8.174392869698211
2056	207.21871171154922	8.177027594468342
2057	207.211398201874	8.17966231923847
2058	207.20408469219882	8.182297044008601
2059	207.1967711825236	8.184931768778732
2060	207.1894576728484	8.187566493548863
2061	207.1821441631732	8.190201218318993
2062	207.174830653498	8.192835943089122
2063	207.1675171438228	8.195470667859253
2064	207.1602036341476	8.198105392629383
2065	207.15289012447238	8.200740117399514
2066	207.1455766147972	8.203374842169643
2067	207.13826310512198	8.206009566939773
2068	207.1309495954468	8.208644291709904
2069	207.12363608577158	8.211279016480034
2070	207.11632257609637	8.213913741250165
2071	207.10900906642118	8.216548466020294
2072	207.10169555674597	8.219183190790424
