0	63.506108090443895	6.218228380058608
1	63.48405351484429	6.213451811799105
2	63.4620282476348	6.208680543711984
3	63.44003226872499	6.203914572865561
4	63.41806555802444	6.199153896328154
5	63.396128095442705	6.194398511168077
6	63.37421986088936	6.189648414453649
7	63.352340834273974	6.1849036032531854
8	63.33049099550612	6.1801640746350035
9	63.30867032449536	6.175429825667419
10	63.28687880115126	6.170700853418751
11	63.2651164053834	6.1659771549573135
12	63.24338311710134	6.161258727351424
13	63.22167891621466	6.156545567669399
14	63.2000037826329	6.151837672979555
15	63.17835769626566	6.147135040350211
16	63.15674063702249	6.142437666849681
17	63.13515258481296	6.137745549546282
18	63.11359351954665	6.133058685508332
19	63.09206342113311	6.128377071804146
20	63.07056226948193	6.123700705502042
21	63.04909004450266	6.119029583670336
22	63.02764672610489	6.114363703377346
23	63.00623229419816	6.109703061691386
24	62.98484672869207	6.105047655680775
25	62.96349000949616	6.100397482413828
26	62.94216211652002	6.095752538958863
27	62.920863029673214	6.091112822384197
28	62.899592728865294	6.086478329758146
29	62.878351194005845	6.081849058149025
30	62.857138405004434	6.077225004625154
31	62.83595434177062	6.072606166254847
32	62.814798984213986	6.067992540106421
33	62.793672312244084	6.063384123248194
34	62.7725743057705	6.058780912748482
35	62.75150494470279	6.054182905675601
36	62.73046420895053	6.049590099097869
37	62.709452078423276	6.0450024900836015
38	62.688468533030616	6.040420075701115
39	62.6675135526821	6.035842853018727
40	62.64658711728731	6.031270819104755
41	62.625689206755816	6.026703971027514
42	62.60481980099717	6.022142305855321
43	62.583978879920956	6.017585820656493
44	62.56316642343673	6.013034512499347
45	62.54238241145407	6.008488378452199
46	62.52162682388254	6.003947415583365
47	62.500899640631715	5.999411620961165
48	62.48020084161116	5.994880991653912
49	62.45953040673044	5.990355524729924
50	62.43888831589913	5.9858352172575175
51	62.41827454902678	5.981320066305009
52	62.39768908602299	5.976810068940716
53	62.3771319067973	5.972305222232955
54	62.35660299125931	5.967805523250042
55	62.336102319318556	5.963310969060293
56	62.315629870884614	5.958821556732027
57	62.29518562586706	5.954337283333559
58	62.27476956417547	5.949858145933206
59	62.25438166571939	5.945384141599285
60	62.234021910408416	5.940915267400111
61	62.21369027815209	5.936451520404003
62	62.19338674886	5.931992897679277
63	62.173111302441704	5.927539396294249
64	62.15286391880677	5.923091013317236
65	62.132644577864774	5.918647745816555
66	62.11245325952528	5.914209590860523
67	62.092289943697864	5.909776545517454
68	62.07215461029209	5.905348606855668
69	62.052047239217515	5.900925771943481
70	62.03196781038372	5.896508037849208
71	62.011916303700275	5.892095401641168
72	61.991892699076736	5.8876878603876746
73	61.971896976422684	5.883285411157048
74	61.95192911564768	5.878888051017602
75	61.9319890966613	5.874495777037654
76	61.912076899373105	5.870108586285522
77	61.89219250369267	5.865726475829522
78	61.87233588952956	5.86134944273797
79	61.85250703679334	5.8569774840791835
80	61.83270592539359	5.852610596921478
81	61.81293253523987	5.848248778333171
82	61.79318684624175	5.84389202538258
83	61.773468838308794	5.839540335138021
84	61.75377849135057	5.835193704667809
85	61.734115785276664	5.830852131040262
86	61.71448069999662	5.826515611323698
87	61.694873215420024	5.8221841425864325
88	61.67529331145644	5.8178577218967815
89	61.65574096801544	5.813536346323063
90	61.63621616500657	5.809220012933592
91	61.616718882339434	5.804908718796687
92	61.59724909992357	5.800602460980663
93	61.57780679766857	5.7963012365538376
94	61.55839195548399	5.7920050425845275
95	61.539004553279405	5.7877138761410505
96	61.51964457096438	5.78342773429172
97	61.50031198844847	5.779146614104857
98	61.48100678564127	5.774870512648773
99	61.461728942452325	5.770599426991789
100	61.44247843879122	5.766333354202221
101	61.423255254567515	5.762072291348384
102	61.40405936969078	5.757816235498596
103	61.38489076407058	5.753565183721172
104	61.36574941761649	5.74931913308443
105	61.34663531023808	5.745078080656688
106	61.32754842184491	5.74084202350626
107	61.30848873234656	5.736610958701465
108	61.289456221652586	5.732384883310617
109	61.270450869672565	5.728163794402035
110	61.25147265631607	5.723947689044035
111	61.23252156149265	5.719736564304934
112	61.21359756511189	5.715530417253047
113	61.19470064708336	5.711329244956693
114	61.17583078731661	5.707133044484188
115	61.156987965721235	5.7029418129038465
116	61.138172162206786	5.698755547283987
117	61.11938335668283	5.6945742446929275
118	61.10062152905895	5.690397902198982
119	61.0818866592447	5.68622651687047
120	61.063178727149655	5.6820600857757055
121	61.04449771268339	5.677898605983007
122	61.025843595755454	5.673742074560689
123	61.007216356275435	5.669590488577071
124	60.98861597415291	5.665443845100468
125	60.97004242929741	5.661302141199197
126	60.95149570161853	5.657165373941575
127	60.93297577102584	5.653033540395917
128	60.9144826174289	5.6489066376305415
129	60.89601622073728	5.644784662713764
130	60.87757656086055	5.640667612713903
131	60.859163617708276	5.636555484699274
132	60.840777371190036	5.632448275738193
133	60.82241780121539	5.628345982898978
134	60.804084887693904	5.624248603249944
135	60.78577861053515	5.620156133859409
136	60.7674989496487	5.616068571795689
137	60.749245884944116	5.611985914127103
138	60.73101939633098	5.607908157921964
139	60.712819463718844	5.603835300248591
140	60.69464606701728	5.599767338175298
141	60.676499186135864	5.5957042687704055
142	60.65837880098416	5.591646089102229
143	60.64028489147174	5.5875927962390834
144	60.62221743750816	5.583544387249287
145	60.60417641900301	5.579500859201155
146	60.586161815865836	5.575462209163006
147	60.56817360800623	5.571428434203155
148	60.550211775333736	5.56739953138992
149	60.53227629775793	5.563375497791617
150	60.514367155188395	5.559356330476563
151	60.49648432753469	5.555342026513074
152	60.478627794706384	5.551332582969467
153	60.46079753661304	5.547327996914058
154	60.442993533164234	5.543328265415165
155	60.425215764269524	5.539333385541105
156	60.407464209838494	5.535343354360193
157	60.3897388497807	5.531358168940747
158	60.37203966400572	5.527377826351081
159	60.35436663242311	5.523402323659516
160	60.33671973494245	5.519431657934366
161	60.31909895147331	5.515465826243948
162	60.301504261925245	5.511504825656578
163	60.28393564620784	5.507548653240574
164	60.26639308423064	5.503597306064252
165	60.248876555903244	5.499650781195929
166	60.23138604113521	5.495709075703921
167	60.21392151983609	5.491772186656546
168	60.19648297191547	5.48784011112212
169	60.17907037728291	5.483912846168958
170	60.161683715847985	5.479990388865379
171	60.14432296752025	5.476072736279699
172	60.1269881122093	5.472159885480234
173	60.10967912982468	5.468251833535302
174	60.09239600027596	5.464348577513218
175	60.07513870347272	5.460450114482299
176	60.05790721932452	5.4565564415108625
177	60.040701527740936	5.452667555667226
178	60.02352160863153	5.448783454019703
179	60.00636744190587	5.444904133636615
180	59.98923900747354	5.441029591586274
181	59.97213628524408	5.437159824936998
182	59.95505925512708	5.433294830757105
183	59.93800789703211	5.429434606114911
184	59.92098219086872	5.425579148078731
185	59.903982116546494	5.421728453716886
186	59.887007653975	5.417882520097688
187	59.8700587830638	5.414041344289456
188	59.85313548372246	5.410204923360506
189	59.83623773586056	5.4063732543791545
190	59.81936551938766	5.402546334413719
191	59.802518814213336	5.398724160532517
192	59.78569760024715	5.3949067298038615
193	59.76890185739867	5.391094039296073
194	59.75213156557747	5.3872860860774665
195	59.73538670469311	5.383482867216358
196	59.718667254655166	5.379684379781066
197	59.701973195373206	5.375890620839906
198	59.6853045067568	5.372101587461196
199	59.66866116871551	5.368317276713251
200	59.65204316115891	5.364537685664387
201	59.63545046399656	5.360762811382923
202	59.618883057138035	5.356992650937174
203	59.602340920492914	5.353227201395458
204	59.585824033970745	5.3494664598260915
205	59.56933237748111	5.3457104232973895
206	59.55286593093358	5.34195908887767
207	59.53642467423772	5.338212453635249
208	59.52000858730309	5.334470514638444
209	59.50361765003926	5.330733268955571
210	59.48725184235581	5.327000713654948
211	59.4709111441623	5.32327284580489
212	59.4545955353683	5.319549662473715
213	59.438304995883385	5.315831160729738
214	59.42203950561711	5.312117337641277
215	59.40579904447905	5.308408190276648
216	59.389583592378784	5.30470371570417
217	59.37339312922587	5.301003910992155
218	59.35722763492987	5.297308773208923
219	59.34108708940037	5.29361829942279
220	59.32497147254692	5.289932486702073
221	59.30888076427911	5.286251332115088
222	59.29281494450648	5.282574832730154
223	59.276773993138626	5.278902985615583
224	59.2607578900851	5.275235787839696
225	59.24476661525548	5.271573236470807
226	59.22880014855932	5.267915328577234
227	59.21285846990621	5.264262061227293
228	59.196941559205705	5.260613431489302
229	59.18104939636737	5.256969436431577
230	59.16518196130079	5.2533300731224335
231	59.14933923391551	5.249695338630189
232	59.13352119412112	5.24606523002316
233	59.11772782182718	5.242439744369664
234	59.101959096943254	5.238818878738018
235	59.086214999378925	5.235202630196536
236	59.070495509043745	5.231590995813537
237	59.05480060584729	5.227983972657336
238	59.03913026969913	5.224381557796252
239	59.02348448050883	5.220783748298601
240	59.00786321818595	5.217190541232698
241	58.99226646264008	5.213601933666862
242	58.97669419378077	5.210017922669406
243	58.9611463915176	5.206438505308651
244	58.945623035760136	5.202863678652911
245	58.93012410641794	5.199293439770504
246	58.91464958340059	5.195727785729748
247	58.89919944661765	5.192166713598954
248	58.88377367597868	5.188610220446445
249	58.868372251393275	5.185058303340534
250	58.85299515277097	5.18151095934954
251	58.83764236002135	5.1779681855417765
252	58.822313853053984	5.174429978985565
253	58.80700961177844	5.170896336749217
254	58.791729616104284	5.167367255901052
255	58.776473845941084	5.1638427335093855
256	58.76124228119841	5.160322766642535
257	58.74603490178584	5.156807352368817
258	58.730851687612926	5.153296487756551
259	58.715692618589244	5.149790169874048
260	58.70055767462436	5.146288395789627
261	58.68544683562786	5.142791162571607
262	58.67036008150929	5.1392984672883015
263	58.65529739217823	5.135810307008029
264	58.64025874754424	5.132326678799107
265	58.62524412751689	5.1288475797298485
266	58.610253512005755	5.125373006868574
267	58.595286880920405	5.121902957283598
268	58.580344214170395	5.118437428043238
269	58.56542549166531	5.114976416215811
270	58.55053069331471	5.111519918869633
271	58.53565979902817	5.108067933073022
272	58.52081278871524	5.104620455894292
273	58.50598964228551	5.101177484401761
274	58.49119033964854	5.0977390156637465
275	58.4764148607139	5.094305046748564
276	58.46166318539116	5.0908755747245324
277	58.44693529358989	5.0874505966599655
278	58.43223116521965	5.084030109623181
279	58.417550780190005	5.080614110682497
280	58.402894118410536	5.077202596906227
281	58.38826115979081	5.0737955653626905
282	58.37365188424039	5.070393013120205
283	58.35906627166885	5.066994937247083
284	58.34450430198575	5.0636013348116435
285	58.329965955100676	5.060212202882204
286	58.31545121092317	5.056827538527081
287	58.30096004936283	5.05344733881459
288	58.286492450329206	5.050071600813049
289	58.272048393731865	5.046700321590773
290	58.25762785948039	5.0433334982160805
291	58.24323082748434	5.039971127757287
292	58.228857277653276	5.036613207282709
293	58.21450718989678	5.033259733860664
294	58.200180544124414	5.029910704559469
295	58.18587732024575	5.026566116447439
296	58.17159749817035	5.023225966592892
297	58.15734105780779	5.019890252064144
298	58.143107979067636	5.016558969929513
299	58.12889824185945	5.013232117257313
300	58.114711826092815	5.009909691115864
301	58.10054871167729	5.00659168857348
302	58.08640887852244	5.003278106698479
303	58.07229230653784	4.999968942559177
304	58.05819897563306	4.996664193223891
305	58.04412886571767	4.993363855760938
306	58.030081956701224	4.990067927238636
307	58.01605822849331	4.986776404725298
308	58.00205766100348	4.9834892852892425
309	57.98808023414131	4.980206565998786
310	57.97412592781637	4.976928243922247
311	57.96019472193822	4.9736543161279405
312	57.94628659641644	4.970384779684184
313	57.93240153116059	4.967119631659292
314	57.91853950608025	4.963858869121584
315	57.90470050108498	4.960602489139374
316	57.89088449608435	4.957350488780981
317	57.87709147098792	4.95410286511472
318	57.86332140570527	4.95085961520891
319	57.84957428014597	4.947620736131865
320	57.835850074219586	4.944386224951902
321	57.82214876783568	4.94115607873734
322	57.80847034090382	4.937930294556493
323	57.79481477333358	4.934708869477679
324	57.78118204503453	4.931491800569216
325	57.76757213591623	4.928279084899417
326	57.75398502588826	4.925070719536601
327	57.74042069486019	4.921866701549085
328	57.72687912274158	4.918667028005185
329	57.713360289441994	4.915471695973217
330	57.69986417487101	4.9122807025215005
331	57.68639075893819	4.909094044718349
332	57.67294002155311	4.90591171963208
333	57.65951194262534	4.902733724331011
334	57.646106502064434	4.899560055883457
335	57.63272367977998	4.8963907113577365
336	57.61936345568152	4.8932256878221665
337	57.606025809678655	4.890064982345061
338	57.59271072168093	4.8869085919947395
339	57.57941817159792	4.883756513839517
340	57.5661481393392	4.88060874494771
341	57.552900604814326	4.877465282387637
342	57.53967554793287	4.874326123227614
343	57.526472948604415	4.871191264535955
344	57.51329278673852	4.868060703380981
345	57.50013504224474	4.864934436831005
346	57.486999695032665	4.8618124619543455
347	57.47388672501186	4.85869477581932
348	57.46079611209188	4.855581375494243
349	57.447727836182295	4.852472258047433
350	57.43468187719269	4.849367420547205
351	57.42165821503262	4.846266860061876
352	57.40865682961166	4.843170573659764
353	57.395677700839364	4.840078558409186
354	57.38272080862532	4.836990811378455
355	57.36978613287909	4.833907329635893
356	57.35687365351024	4.830828110249812
357	57.343983350428346	4.827753150288531
358	57.33111520354296	4.824682446820367
359	57.318269192763665	4.821615996913635
360	57.30544529800003	4.818553797636652
361	57.29264349916161	4.815495846057738
362	57.279863776157995	4.812442139245205
363	57.26710610889873	4.809392674267371
364	57.2543704772934	4.806347448192554
365	57.24165686125156	4.80330645808907
366	57.2289652406828	4.800269701025234
367	57.21629559549667	4.797237174069368
368	57.203647905602736	4.794208874289782
369	57.191022150910584	4.791184798754796
370	57.178418311329764	4.788164944532727
371	57.16583636676986	4.78514930869189
372	57.15327629714043	4.782137888300603
373	57.14073808235105	4.779130680427183
374	57.128221702311286	4.776127682139946
375	57.11572713693071	4.773128890507207
376	57.103254366118875	4.770134302597286
377	57.09080336978536	4.767143915478497
378	57.078374127839744	4.764157726219159
379	57.06596662019158	4.761175731887587
380	57.05358082675045	4.758197929552097
381	57.041216727425905	4.755224316281007
382	57.02887430212753	4.752254889142633
383	57.01655353076488	4.749289645205292
384	57.004254393247535	4.746328581537301
385	56.99197686948506	4.743371695206977
386	56.979720939387015	4.740418983282636
387	56.96748658286298	4.737470442832594
388	56.955273779822534	4.734526070925168
389	56.943082510175216	4.731585864628675
390	56.93091275383061	4.728649821011432
391	56.918764490698294	4.725717937141757
392	56.90663770068782	4.722790210087964
393	56.89453236370876	4.719866636918369
394	56.88244845967069	4.7169472147012925
395	56.87038596848318	4.714031940505048
396	56.85834487005578	4.7111208113979535
397	56.84632514429808	4.708213824448326
398	56.834326771119635	4.705310976724481
399	56.82234973043003	4.702412265294736
400	56.81039400213881	4.699517687227407
401	56.79845956615556	4.696627239590811
402	56.78654640238985	4.693740919453265
403	56.77465449075124	4.690858723883086
404	56.7627838111493	4.68798064994859
405	56.7509343434936	4.685106694718092
406	56.739106067693704	4.682236855259912
407	56.72729896365919	4.679371128642365
408	56.71551301129962	4.676509511933768
409	56.703748190524564	4.673652002202437
410	56.69200448124359	4.670798596516689
411	56.68028186336627	4.667949291944841
412	56.66858031680217	4.6651040855552095
413	56.656899821460854	4.662262974416111
414	56.6452403572519	4.659425955595862
415	56.63360190408487	4.65659302616278
416	56.62198444186934	4.6537641831851815
417	56.61038795051486	4.650939423731382
418	56.59881240993102	4.6481187448696994
419	56.58725780002737	4.64530214366845
420	56.5757241007135	4.64248961719595
421	56.56421129189896	4.639681162520517
422	56.55271935349332	4.6368767767104675
423	56.54124826540617	4.634076456834117
424	56.52979800754705	4.631280199959782
425	56.51836855982554	4.628488003155782
426	56.506959902151216	4.625699863490431
427	56.495572014433634	4.6229157780320485
428	56.48420487658237	4.620135743848946
429	56.47285846850699	4.617359758009446
430	56.461532770117074	4.614587817581861
431	56.450227761322175	4.6118199196345095
432	56.43894342203186	4.609056061235708
433	56.42767973215571	4.606296239453774
434	56.416436671603286	4.603540451357022
435	56.40521422028416	4.60078869401377
436	56.3940123581079	4.598040964492334
437	56.38283106498407	4.595297259861032
438	56.37167032082224	4.592557577188179
439	56.360530105531986	4.589821913542095
440	56.349410399022865	4.587090265991092
441	56.33831118120445	4.58436263160349
442	56.327232431986324	4.581639007447604
443	56.31617413127803	4.578919390591752
444	56.305136258989165	4.576203778104249
445	56.29411879502927	4.573492167053413
446	56.28312171930793	4.5707845545075605
447	56.2721450117347	4.568080937535007
448	56.26118865221916	4.565381313204071
449	56.25025262067088	4.562685678583068
450	56.239336896999426	4.559994030740315
451	56.22844146111436	4.557306366744129
452	56.217566292925255	4.554622683662826
453	56.20671137234169	4.551942978564723
454	56.19587667927321	4.549267248518136
455	56.185062193629406	4.546595490591383
456	56.174267895319836	4.5439277018527795
457	56.16349376425407	4.541263879370643
458	56.15273978034168	4.53860402021329
459	56.142005923492235	4.535948121449036
460	56.13129217361529	4.533296180146199
461	56.120598510620425	4.530648193373096
462	56.10992491441721	4.528004158198042
463	56.09927136491521	4.525364071689356
464	56.088637842024	4.522727930915353
465	56.07802432565313	4.52009573294435
466	56.06743079571219	4.517467474844663
467	56.05685723211074	4.51484315368461
468	56.046303614758344	4.512222766532506
469	56.03576992356458	4.509606310456671
470	56.025256138439005	4.506993782525417
471	56.0147622392912	4.504385179807064
472	56.00428820603073	4.501780499369927
473	55.993834018567156	4.499179738282324
474	55.98339965681005	4.496582893612571
475	55.972985100668986	4.493989962428985
476	55.96259033005353	4.491400941799883
477	55.952215324873244	4.48881582879358
478	55.9418600650377	4.486234620478394
479	55.93152453045647	4.48365731392264
480	55.92120870103913	4.4810839061946375
481	55.91091255669523	4.478514394362703
482	55.900636077334354	4.47594877549515
483	55.89037924286606	4.473387046660298
484	55.880142033199924	4.470829204926462
485	55.869924428245504	4.468275247361959
486	55.85972640791239	4.465725171035107
487	55.84954795211013	4.463178973014222
488	55.8393890407483	4.46063665036762
489	55.82924965373647	4.458098200163619
490	55.8191297709842	4.455563619470533
491	55.80902937240106	4.4530329053566815
492	55.798948437896634	4.45050605489038
493	55.788886947380476	4.447983065139946
494	55.77884488076216	4.445463933173695
495	55.768822217951254	4.442948656059944
496	55.758818938857324	4.440437230867009
497	55.748835023389944	4.437929654663208
498	55.73887045145867	4.435425924516858
499	55.72892520297309	4.432926037496275
500	55.71899925784276	4.430429990669774
501	55.709092595977246	4.4279377811056735
502	55.69920519728612	4.42544940587229
503	55.689337041678954	4.42296486203794
504	55.67948810906531	4.42048414667094
505	55.669658379354765	4.4180072568396085
506	55.65984783245688	4.415534189612259
507	55.650056448281234	4.4130649420572094
508	55.64028420673738	4.410599511242777
509	55.630531087734894	4.408137894237278
510	55.62079707118335	4.40568008810903
511	55.61108213699231	4.403226089926347
512	55.60138626507135	4.40077589675755
513	55.59170943533003	4.398329505670952
514	55.58205162767792	4.395886913734871
515	55.57241282202459	4.3934481180176235
516	55.562792998279605	4.391013115587525
517	55.55319213635254	4.388581903512895
518	55.54361021615296	4.386154478862049
519	55.534047217590434	4.383730838703302
520	55.524503120574536	4.381310980104972
521	55.514977905014824	4.378894900135376
522	55.50547155082087	4.37648259586283
523	55.49598403790225	4.374074064355651
524	55.486515346168524	4.3716693026821565
525	55.477065455529264	4.3692683079106605
526	55.467634345894034	4.366871077109483
527	55.458221997172416	4.364477607346938
528	55.44882838927396	4.362087895691343
529	55.43945350210825	4.359701939211016
530	55.430097315584845	4.357319734974273
531	55.420759809613315	4.354941280049429
532	55.411440964103235	4.352566571504802
533	55.402140758964165	4.350195606408709
534	55.39285917410568	4.3478283818294665
535	55.38359618943734	4.3454648948353904
536	55.37435178486873	4.3431051424947995
537	55.3651259403094	4.340749121876008
538	55.35591863566893	4.338396830047333
539	55.34672985085688	4.336048264077092
540	55.337559565782826	4.333703421033601
541	55.32840776035634	4.3313622979851765
542	55.31927441448698	4.329024892000137
543	55.310159508084325	4.326691200146797
544	55.30106302105793	4.324361219493474
545	55.29198493331737	4.3220349471084845
546	55.28292522477222	4.319712380060146
547	55.27388387533205	4.317393515416773
548	55.26486086490641	4.3150783502466865
549	55.25585617340489	4.312766881618199
550	55.246869780737036	4.310459106599628
551	55.23790166681244	4.308155022259291
552	55.228951811540654	4.3058546256655035
553	55.22002019483126	4.303557913886584
554	55.21110679659381	4.301264883990848
555	55.2022115967379	4.298975533046613
556	55.19333457517307	4.296689858122194
557	55.18447571180889	4.294407856285909
558	55.17563498655495	4.292129524606075
559	55.1668123793208	4.289854860151007
560	55.158007870016014	4.287583859989025
561	55.149221438550164	4.285316521188441
562	55.14045306483281	4.283052840817575
563	55.13170272877353	4.280792815944742
564	55.122970410281894	4.27853644363826
565	55.11425608926746	4.276283720966445
566	55.1055597456398	4.274034644997615
567	55.09688135930848	4.271789212800083
568	55.08822091018308	4.26954742144217
569	55.079578378173174	4.26730926799219
570	55.070953743188305	4.265074749518461
571	55.062346985138056	4.262843863089298
572	55.053758083931996	4.26061660577302
573	55.045187019479684	4.2583929746379425
574	55.0366337716907	4.256172966752381
575	55.02809832047461	4.2539565791846545
576	55.01958064574098	4.251743809003077
577	55.01108072739938	4.249534653275967
578	55.00259854535938	4.247329109071643
579	54.994134079530546	4.2451271734584175
580	54.98568730982245	4.242928843504608
581	54.977258216144655	4.240734116278534
582	54.96884677840673	4.23854298884851
583	54.960452976518255	4.236355458282854
584	54.95207679038879	4.234171521649882
585	54.94371819992789	4.231991176017909
586	54.93537718504515	4.229814418455254
587	54.92705372565012	4.227641246030233
588	54.91874780165237	4.225471655811162
589	54.91045939296148	4.2233056448663575
590	54.902188479487	4.221143210264139
591	54.89393504113852	4.218984349072819
592	54.88569905782559	4.216829058360718
593	54.8774805094578	4.214677335196149
594	54.86927937594469	4.212529176647431
595	54.86109563719585	4.210384579782881
596	54.85292927312084	4.208243541670815
597	54.84478026362924	4.2061060593795485
598	54.8366485886306	4.2039721299774
599	54.8285342280345	4.201841750532685
600	54.820437161750505	4.19971491811372
601	54.812357369688186	4.197591629788824
602	54.80429483175711	4.195471882626311
603	54.79624952786685	4.193355673694498
604	54.788221437926964	4.191243000061704
605	54.78021054184703	4.189133858796241
606	54.77221681953662	4.187028246966431
607	54.76424025090529	4.184926161640587
608	54.75628081586262	4.182827599887028
609	54.74833849431816	4.180732558774069
610	54.740413266181505	4.178641035370027
611	54.732505111362215	4.1765530267432185
612	54.72461400976984	4.1744685299619615
613	54.71673994131397	4.1723875420945715
614	54.70888288590416	4.170310060209367
615	54.70104282344999	4.168236081374661
616	54.69321973386102	4.166165602658773
617	54.685413597046825	4.164098621130019
618	54.67762439291697	4.1620351338567145
619	54.66985210138102	4.159975137907178
620	54.66209670234855	4.157918630349727
621	54.65435817572912	4.155865608252675
622	54.64663650143231	4.153816068684341
623	54.638931659367685	4.151770008713041
624	54.63124362944481	4.149727425407091
625	54.62357239157326	4.1476883158348095
626	54.61591792566259	4.145652677064511
627	54.608280211622386	4.143620506164513
628	54.6006592293622	4.141591800203133
629	54.59305495879161	4.1395665562486865
630	54.58546737982018	4.137544771369491
631	54.57789647235749	4.135526442633863
632	54.570342216313094	4.133511567110119
633	54.56280459159656	4.131500141866576
634	54.55528357811747	4.12949216397155
635	54.547779155785385	4.127487630493357
636	54.54029130450988	4.125486538500317
637	54.5328200042005	4.123488885060743
638	54.52536523476685	4.1214946672429535
639	54.517926976118474	4.119503882115264
640	54.51050520816495	4.117516526745993
641	54.503099910815834	4.115532598203455
642	54.49571106398071	4.113552093555967
643	54.48833864756914	4.1115750098718475
644	54.480982641490684	4.109601344219413
645	54.47364302565492	4.107631093666978
646	54.46631977997143	4.105664255282861
647	54.459012884349754	4.103700826135377
648	54.45172231869948	4.101740803292845
649	54.444448062930164	4.09978418382358
650	54.43719009695139	4.097830964795899
651	54.429948400672714	4.095881143278119
652	54.42272295400371	4.0939347163385555
653	54.41551373685395	4.091991681045528
654	54.408320729132996	4.09005203446735
655	54.40114391075042	4.088115773672339
656	54.39398326161579	4.086182895728814
657	54.386838761638664	4.084253397705088
658	54.37971039072862	4.08232727666948
659	54.37259812879523	4.0804045296903055
660	54.365501955748066	4.078485153835882
661	54.358421851496686	4.076569146174528
662	54.351357795950655	4.074656503774556
663	54.34430976901955	4.072747223704286
664	54.33727775061295	4.070841303032033
665	54.3302617206404	4.068938738826113
666	54.32326165901149	4.0670395281548455
667	54.31627754563578	4.065143668086545
668	54.30930936042283	4.063251155689528
669	54.30235708328222	4.061361988032113
670	54.29542069412351	4.059476162182615
671	54.288500172856274	4.05759367520935
672	54.28159549939008	4.0557145241806385
673	54.274706653634496	4.053838706164792
674	54.26783361549909	4.051966218230131
675	54.26097636489344	4.050097057444971
676	54.2541348817271	4.0482312208776285
677	54.24730914590964	4.04636870559642
678	54.24049913735064	4.044509508669662
679	54.23370483595966	4.042653627165671
680	54.22692622164627	4.0408010581527645
681	54.220163274320036	4.0389517986992605
682	54.213415973890534	4.037105845873473
683	54.20668430026733	4.03526319674372
684	54.19996823335998	4.033423848378317
685	54.19326775307806	4.031587797845582
686	54.18658283933115	4.029755042213831
687	54.179913472028815	4.027925578551383
688	54.17325963108061	4.02609940392655
689	54.166621296396116	4.024276515407653
690	54.15999844788489	4.0224569100630045
691	54.15339106545652	4.020640584960926
692	54.14679912902055	4.018827537169731
693	54.14022261848657	4.017017763757737
694	54.133661513764146	4.015211261793261
695	54.12711579476283	4.013408028344619
696	54.1205854413922	4.011608060480127
697	54.11407043356183	4.009811355268104
698	54.10757075118128	4.008017909776864
699	54.101086374160126	4.006227721074726
700	54.09461728240793	4.004440786230006
701	54.08816345583426	4.002657102311019
702	54.081724874348694	4.000876666386084
703	54.075301517860794	3.9990994755235163
704	54.06889336628013	3.9973255267916326
705	54.06250039951627	3.995554817258751
706	54.056122597478776	3.9937873439931857
707	54.04975994007723	3.9920231040632554
708	54.0434124072212	3.9902620945372758
709	54.03707997882023	3.9885043124835637
710	54.03076263478392	3.986749754970437
711	54.02446035502182	3.9849984190662107
712	54.0181731194435	3.9832503018392025
713	54.01190090795854	3.9815054003577277
714	54.0056437004765	3.979763711690104
715	53.99940147690694	3.9780252329046486
716	53.99317421715944	3.976289961069677
717	53.98696190114357	3.9745578932535075
718	53.9807645087689	3.972829026524455
719	53.97458201994499	3.971103357950837
720	53.9684144145814	3.96938088460097
721	53.96226167258773	3.96766160354317
722	53.95612377387352	3.965945511845755
723	53.95000069834835	3.9642326065770424
724	53.94389242592178	3.9625228848053458
725	53.93779893650339	3.9608163435989843
726	53.93172021000274	3.959112980026273
727	53.9256562263294	3.9574127911555306
728	53.919606965392944	3.9557157740550717
729	53.91357240710293	3.9540219257932145
730	53.90755253136895	3.9523312434382754
731	53.90154731810054	3.95064372405857
732	53.895556747207294	3.9489593647224157
733	53.88958079859876	3.9472781624981295
734	53.883619452184526	3.9456001144540274
735	53.87767268787415	3.9439252176584274
736	53.871740485577206	3.9422534691796445
737	53.86582282520326	3.9405848660859957
738	53.859919686661875	3.938919405445798
739	53.85403104986263	3.9372570843273684
740	53.848156894715075	3.9355978997990233
741	53.8422972011288	3.9339418489290803
742	53.836451949013366	3.932288928785854
743	53.83062111827834	3.930639136437662
744	53.82480468883329	3.928992468952821
745	53.81900264058778	3.9273489233996486
746	53.81321495345139	3.92570849684646
747	53.807441607333686	3.9240711863615743
748	53.801682582144224	3.9224369890133044
749	53.795937857792595	3.9208059018699695
750	53.79020741418835	3.919177921999886
751	53.78449123124106	3.91755304647137
752	53.778789288860295	3.9159312723527386
753	53.77310156695562	3.9143125967123096
754	53.76742804543661	3.9126970166183974
755	53.76176870421283	3.9110845291393197
756	53.75612352319385	3.909475131343393
757	53.75049248228924	3.9078688202989347
758	53.74487556140856	3.9062655930742607
759	53.739272740461395	3.9046654467376887
760	53.7336839993573	3.903068378357534
761	53.72810931800585	3.901474385002113
762	53.722548676316606	3.899883463739744
763	53.71700205419914	3.8982956116387424
764	53.71146943156303	3.896710825767426
765	53.705950788317836	3.8951291031941113
766	53.700446104373114	3.893550440987114
767	53.694955359638456	3.8919748362147506
768	53.68947853402342	3.890402285945339
769	53.68401560743757	3.888832787247195
770	53.67856655979048	3.8872663371886356
771	53.673131370991726	3.8857029328379786
772	53.667710020950864	3.884142571263539
773	53.66230248957746	3.882585249533633
774	53.65690875678109	3.8810309647165786
775	53.65152880247133	3.8794797138806927
776	53.64616260655774	3.877931494094291
777	53.64081014894988	3.8763863024256913
778	53.63547140955735	3.874844135943209
779	53.63014636828967	3.873304991715161
780	53.62483500505645	3.871768866809865
781	53.61953729976724	3.8702357582956366
782	53.614253232331606	3.868705663240793
783	53.608982782659126	3.867178578713651
784	53.603725930659365	3.8656545017825263
785	53.598482656241885	3.8641334295157366
786	53.59325293931627	3.8626153589815977
787	53.588036759792075	3.8611002872484272
788	53.582834097578875	3.859588211384542
789	53.57764493258624	3.858079128458258
790	53.57246924472373	3.8565730355378913
791	53.567307013900916	3.8550699296917594
792	53.56215822002738	3.853569807988179
793	53.557022843012675	3.852072667495466
794	53.551900862766374	3.850578505281938
795	53.54679225919804	3.849087318415913
796	53.54169701221725	3.8475991039657047
797	53.536615101733574	3.8461138589996304
798	53.53154650765657	3.8446315805860083
799	53.526491209895816	3.843152265793154
800	53.521449188360876	3.8416759116893844
801	53.516420422961325	3.840202515343017
802	53.51140489360672	3.8387320738223667
803	53.50640258020665	3.8372645841957516
804	53.501413462670655	3.8358000435314876
805	53.49643752090832	3.8343384488978915
806	53.491474734829225	3.8328797973632804
807	53.486525084342915	3.831424085995971
808	53.481588549358975	3.8299713118642793
809	53.47666510978696	3.828521472036522
810	53.471754745536444	3.8270745635810166
811	53.466857436517	3.8256305835660793
812	53.4619731626382	3.8241895290600265
813	53.4571019038096	3.822751397131176
814	53.45224363994078	3.8213161848478427
815	53.4473983509413	3.8198838892783447
816	53.44256601672073	3.8184545074909977
817	53.43774661718865	3.817028036554119
818	53.432940132254615	3.815604473536025
819	53.428146541828205	3.814183815505033
820	53.423365825818976	3.8127660595294586
821	53.418597964136495	3.8113512026776193
822	53.413842936690344	3.8099392420178306
823	53.40910072339008	3.8085301746184106
824	53.404371304145286	3.8071239975476754
825	53.399654658865515	3.8057207078739417
826	53.394950767460344	3.804320302665527
827	53.39025960983933	3.8029227789907463
828	53.385581165912065	3.801528133917917
829	53.38091541558809	3.800136364515356
830	53.376262338776996	3.79874746785138
831	53.371621915388346	3.797361440994305
832	53.3669941253317	3.795978281012449
833	53.362378948516636	3.794597984974127
834	53.35777636485271	3.7932205499476574
835	53.3531863542495	3.791845973001355
836	53.34860889661658	3.790474251203538
837	53.344043971863506	3.789105381622522
838	53.339491559899855	3.7877393613266257
839	53.33495164063519	3.786376187384163
840	53.330424193979084	3.785015856863452
841	53.3259091998411	3.7836583668328094
842	53.32140663813082	3.7823037143605513
843	53.3169164887578	3.780951896514995
844	53.3124387316316	3.7796029103644577
845	53.30797334666181	3.7782567529772546
846	53.303520313757986	3.776913421421703
847	53.299079612829715	3.77557291276612
848	53.29465122378653	3.774235224078821
849	53.29023512653803	3.772900352428124
850	53.28583130099376	3.7715682948823464
851	53.281439727063315	3.7702390485098025
852	53.277060384656245	3.7689126103788104
853	53.27269325368212	3.7675889775576867
854	53.26833831405052	3.7662681471147477
855	53.263995545670994	3.76495011611831
856	53.259664928453134	3.763634881636692
857	53.25534644230649	3.7623224407382074
858	53.251040067140636	3.7610127904911757
859	53.24674578286515	3.759705927963911
860	53.242463569389585	3.758401850224732
861	53.23819340662352	3.7571005543419544
862	53.23393527447652	3.755802037383896
863	53.22968915285816	3.754506296418872
864	53.22545502167799	3.7532133285151983
865	53.221232860845596	3.751923130741194
866	53.21702265027054	3.7506357001651747
867	53.212824369862396	3.749351033855457
868	53.20863799953073	3.748069128880359
869	53.204463519185104	3.7467899823081945
870	53.200300908735095	3.7455135912072812
871	53.19615014809027	3.7442399526459367
872	53.19201121716019	3.742969063692477
873	53.187884095854436	3.7417009214152195
874	53.183768764082565	3.740435522882481
875	53.17966520175416	3.739172865162577
876	53.17557338877877	3.7379129453238242
877	53.17149330506598	3.73665576043454
878	53.16742493052535	3.7354013075630403
879	53.16336824506645	3.7341495837776426
880	53.15932322859884	3.7329005861466644
881	53.15528986103211	3.73165431173842
882	53.15126812227581	3.730410757621228
883	53.14725799223952	3.7291699208634044
884	53.1432594508328	3.727931798533265
885	53.13927247796522	3.7266963876991275
886	53.13529705354636	3.7254636854293097
887	53.13133315748577	3.724233688792126
888	53.12738076969303	3.7230063948558936
889	53.12343987007771	3.72178180068893
890	53.119510438549376	3.720559903359552
891	53.11559245501759	3.7193406999360747
892	53.11168589939192	3.718124187486817
893	53.10779075158195	3.7169103630800944
894	53.10390699149724	3.715699223784222
895	53.10003459904735	3.714490766667519
896	53.096173554141856	3.7132849887983013
897	53.09232383669033	3.712081887244885
898	53.08848542660234	3.7108814590755883
899	53.08465830378744	3.709683701358726
900	53.080842448155224	3.708488611162615
901	53.077037839615244	3.7072961855555726
902	53.07324445807706	3.706106421605915
903	53.06946228345027	3.7049193163819596
904	53.06569129564441	3.7037348669520234
905	53.06193147456907	3.702553070384422
906	53.058182800133814	3.7013739237474717
907	53.0544452522482	3.7001974241094904
908	53.050718810821806	3.6990235685387938
909	53.0470034557642	3.6978523541036994
910	53.04329916698495	3.696683777872524
911	53.039605924393626	3.695517836913583
912	53.03592370789979	3.694354528295194
913	53.032252497413026	3.6931938490856733
914	53.02859227284288	3.692035796353338
915	53.02494301409894	3.6908803671665047
916	53.021304701090756	3.6897275585934906
917	53.01767731372792	3.688577367702611
918	53.01406083191999	3.687429791562183
919	53.01045523557652	3.6862848272405233
920	53.0068605046071	3.6851424718059493
921	53.003276618921284	3.684002722326777
922	52.99970355842865	3.682865575871324
923	52.99614130303876	3.6817310295079055
924	52.99258983266118	3.680599080304839
925	52.9890491272055	3.6794697253304407
926	52.985519166581255	3.6783429616530277
927	52.981999930698045	3.6772187863409167
928	52.97849139946541	3.6760971964624254
929	52.974993552792945	3.674978189085868
930	52.971506370590205	3.673861761279563
931	52.96802983276676	3.672747910111826
932	52.96456391923218	3.671636632650975
933	52.96110860989603	3.670527925965325
934	52.95766388466788	3.6694217871231953
935	52.954229723457296	3.6683182131928995
936	52.95080610617385	3.667217201242756
937	52.94739301272712	3.6661187483410806
938	52.94399042302665	3.6650228515561913
939	52.94059831698203	3.663929507956403
940	52.93721667450282	3.662838714610035
941	52.9338454754986	3.661750468585401
942	52.93048469987892	3.660664766950819
943	52.92713432755336	3.659581606774606
944	52.92379433843149	3.6585009851250776
945	52.92046471242288	3.6574228990705517
946	52.917145429437085	3.6563473456793454
947	52.913836469383675	3.655274322019773
948	52.91053781217224	3.654203825160153
949	52.90724943771232	3.653135852168801
950	52.9039713259135	3.652070400114035
951	52.90070345668535	3.6510074660641707
952	52.89744580993744	3.6499470470875264
953	52.89419836557932	3.6488891402524164
954	52.89096110352058	3.6478337426271583
955	52.88773400367078	3.646780851280069
956	52.88451704593949	3.645730463279465
957	52.88131021023627	3.644682575693663
958	52.87811347647071	3.6436371855909804
959	52.874926824552354	3.642594290039732
960	52.87175023439078	3.641553886108236
961	52.86858368589556	3.6405159708648087
962	52.86542715897626	3.639480541377767
963	52.86228063354245	3.6384475947154273
964	52.859144089503694	3.637417127946107
965	52.85601750676956	3.6363891381381213
966	52.85290086524963	3.6353636223597876
967	52.849794144853455	3.634340577679423
968	52.84669732549062	3.6333200011653433
969	52.843610387070676	3.6323018898858654
970	52.8405333095032	3.631286240909308
971	52.837466072697765	3.630273051303985
972	52.834408656563944	3.6292623181382133
973	52.831361041011284	3.628254038480311
974	52.828323205949374	3.627248209398594
975	52.825295131287774	3.626244827961379
976	52.82227679693605	3.6252438912369835
977	52.819268182803775	3.624245396293723
978	52.81626926880052	3.623249340199914
979	52.81328003483584	3.6222557200238747
980	52.81030046081932	3.62126453283392
981	52.80733052666053	3.6202757756983677
982	52.80437021226902	3.619289445685534
983	52.80141949755438	3.6183055398637367
984	52.79847836242615	3.617324055301291
985	52.795546786793935	3.6163449890665142
986	52.792624750567285	3.615368338227723
987	52.78971223365576	3.614394099853233
988	52.786809215968944	3.613422271011362
989	52.783915677416395	3.6124528487704284
990	52.781031597907685	3.611485830198745
991	52.77815695735238	3.6105212123646306
992	52.775291735660055	3.609558992336402
993	52.77243591274028	3.608599167182376
994	52.7695894685026	3.607641733970868
995	52.76675238285662	3.6066866897701972
996	52.76392463571189	3.605734031648677
997	52.76110620697797	3.6047837566746255
998	52.758297076564446	3.6038358619163597
999	52.75549722438087	3.6028903444421965
1000	52.75270663033683	3.6019472013204523
1001	52.74992527434188	3.601006429619444
1002	52.747153136305585	3.600068026407487
1003	52.74439019613752	3.5991319887529
1004	52.74163643374726	3.5981983137239966
1005	52.73889182904436	3.597266998389097
1006	52.736156361938406	3.5963380398165157
1007	52.73343001233895	3.595411435074571
1008	52.73071276015557	3.5944871812315777
1009	52.728004585297825	3.5935652753558527
1010	52.7253054676753	3.5926457145157142
1011	52.72261538719755	3.5917284957794773
1012	52.71993432377414	3.5908136162154594
1013	52.71726225731466	3.5899010728919776
1014	52.714599167728664	3.5889908628773477
1015	52.71194503492571	3.588082983239887
1016	52.70929983881538	3.5871774310479116
1017	52.706663559307245	3.5862742033697383
1018	52.704036176310865	3.5853732972736845
1019	52.701417669735804	3.5844747098280663
1020	52.69880801949165	3.5835784381012
1021	52.69620720548796	3.582684479161403
1022	52.693615207634295	3.581792830076991
1023	52.691032005840235	3.5809034879162813
1024	52.68845758001535	3.580016449747591
1025	52.6858919100692	3.579131712639237
1026	52.68333497591136	3.578249273659534
1027	52.680786757451386	3.5773691298768004
1028	52.67824723459887	3.5764912783593528
1029	52.67571638726336	3.575615716175507
1030	52.67319419535443	3.5747424403935804
1031	52.67068063878165	3.5738714480818903
1032	52.668175697454586	3.5730027363087515
1033	52.66567935128281	3.572136302142482
1034	52.66319158017589	3.571272142651398
1035	52.66071236404339	3.5704102549038166
1036	52.65824168279489	3.5695506359680533
1037	52.65577951633995	3.5686932829124274
1038	52.65332584458813	3.567838192805253
1039	52.650880647449014	3.5669853627148473
1040	52.64844390483216	3.5661347897095275
1041	52.64601559664715	3.56528647085761
1042	52.64359570280355	3.5644404032274117
1043	52.64118420321091	3.563596583887249
1044	52.638781077778816	3.5627550099054397
1045	52.636386306416824	3.561915678350298
1046	52.63399986903452	3.5610785862901424
1047	52.63162174554145	3.560243730793289
1048	52.629251915847206	3.559411108928055
1049	52.626890359861335	3.5585807177627578
1050	52.62453705749343	3.5577525543657114
1051	52.622191988653036	3.5569266158052346
1052	52.61985513324973	3.556102899149643
1053	52.61752647119309	3.5552814014672545
1054	52.615205982392666	3.554462119826385
1055	52.61289364675804	3.5536450512953515
1056	52.61058944419879	3.55283019294247
1057	52.60829335462446	3.552017541836058
1058	52.606005357944625	3.551207095044431
1059	52.60372543406887	3.5503988496359065
1060	52.60145356290675	3.549592802678802
1061	52.59918972436783	3.548788951241433
1062	52.59693389836169	3.5479872923921163
1063	52.59468606479789	3.5471878231991685
1064	52.592446203586	3.546390540730907
1065	52.5902142946356	3.5455954420556473
1066	52.58799031785624	3.544802524241707
1067	52.585774253157496	3.5440117843574033
1068	52.583566080448946	3.543223219471051
1069	52.581365779640144	3.542436826650968
1070	52.57917333064067	3.5416526029654714
1071	52.57698871336009	3.5408705454828766
1072	52.57481190770796	3.5400906512715014
1073	52.572642893593866	3.5393129173996627
1074	52.57048165092736	3.5385373409356755
1075	52.568328159618034	3.537763918947857
1076	52.56618239957543	3.5369926485045258
1077	52.56404435070913	3.5362235266739956
1078	52.56191399292871	3.5354565505245854
1079	52.55979130614372	3.5346917171246117
1080	52.55767627026374	3.53392902354239
1081	52.555568865198346	3.533168466846237
1082	52.55346907085709	3.5324100441044703
1083	52.55137686714955	3.531653752385406
1084	52.5492922339853	3.53089958875736
1085	52.54721515127389	3.5301475502886515
1086	52.545145598924904	3.529397634047595
1087	52.543083556847904	3.5286498371025075
1088	52.54102900495246	3.527904156521706
1089	52.53898192314814	3.5271605893735067
1090	52.53694229134452	3.526419132726227
1091	52.53491008945116	3.5256797836481835
1092	52.53288529737763	3.524942539207692
1093	52.5308678950335	3.52420739647307
1094	52.52885786232834	3.523474352512634
1095	52.52685517917171	3.5227434043947
1096	52.52485982547319	3.522014549187586
1097	52.52287178114235	3.521287783959609
1098	52.52089102608875	3.5205631057790825
1099	52.518917540221956	3.5198405117143263
1100	52.51695130345154	3.5191199988336552
1101	52.51499229568708	3.518401564205387
1102	52.51304049683813	3.5176852048978384
1103	52.51109588681426	3.516970917979327
1104	52.50915844552505	3.5162587005181667
1105	52.50722815288006	3.515548549582676
1106	52.505304988788865	3.514840462241171
1107	52.50338893316102	3.514134435561968
1108	52.501479965906114	3.5134304666133858
1109	52.499578066933694	3.5127285524637397
1110	52.49768321615335	3.5120286901813453
1111	52.49579539347464	3.5113308768345206
1112	52.49391457880712	3.5106351094915813
1113	52.492040752060376	3.509941385220845
1114	52.49017389314397	3.509249701090628
1115	52.48831398196747	3.508560054169248
1116	52.48646099844045	3.507872441525019
1117	52.484614922472474	3.5071868602262604
1118	52.48277573397311	3.5065033073412875
1119	52.48094341285193	3.505821779938417
1120	52.479117939018494	3.505142275085966
1121	52.47729929238238	3.504464789852252
1122	52.47548745285315	3.5037893213055904
1123	52.47368240034038	3.5031158665142965
1124	52.471884114753635	3.50244442254669
1125	52.470092576002486	3.501774986471086
1126	52.4683077639965	3.501107555355801
1127	52.466529658645236	3.5004421262691534
1128	52.46475823985828	3.4997786962794577
1129	52.46299348754518	3.4991172624550315
1130	52.46123538161552	3.49845782186419
1131	52.459483901978864	3.497800371575253
1132	52.45773902854478	3.497144908656534
1133	52.45600074122284	3.496491430176353
1134	52.45426901992261	3.4958399332030234
1135	52.45254384455366	3.4951904148048634
1136	52.45082519502555	3.4945428720501894
1137	52.449113051247856	3.4938973020073183
1138	52.44740739313015	3.4932537017445666
1139	52.445708200582004	3.49261206833025
1140	52.444015453512975	3.4919723988326883
1141	52.44232913183263	3.491334690320195
1142	52.44064921545055	3.4906989398610873
1143	52.438975684276286	3.4900651445236828
1144	52.437308518219425	3.4894333013762977
1145	52.43564769718953	3.488803407487249
1146	52.433993201096165	3.488175459924853
1147	52.4323450098489	3.4875494557574274
1148	52.4307031033573	3.486925392053286
1149	52.42906746153095	3.486303265880748
1150	52.4274380642794	3.4856830743081297
1151	52.42581489151222	3.4850648144037475
1152	52.42419792313899	3.4844484832359193
1153	52.42258713906928	3.4838340778729586
1154	52.420982519212636	3.4832215953831858
1155	52.41938404347865	3.4826110328349147
1156	52.41779169177688	3.482002387296463
1157	52.41620544401689	3.481395655836148
1158	52.41462528010826	3.4807908355222863
1159	52.413051179960554	3.480187923423194
1160	52.41148312348334	3.479586916607187
1161	52.40992109058619	3.4789878121425835
1162	52.408365061178664	3.4783906070976984
1163	52.40681501517034	3.4777952985408507
1164	52.40527093247078	3.4772018835403564
1165	52.40373279298955	3.4766103591645305
1166	52.40220057663623	3.4760207224816915
1167	52.40067426332039	3.475432970560155
1168	52.39915383295158	3.4748471004682377
1169	52.39763926543938	3.474263109274257
1170	52.396130540693356	3.4736809940465303
1171	52.39462763862308	3.4731007518533716
1172	52.39313053913811	3.4725223797630993
1173	52.39163922214804	3.47194587484403
1174	52.39015366756241	3.4713712341644807
1175	52.388673855290804	3.4707984547927677
1176	52.387199765242784	3.470227533797208
1177	52.38573137732792	3.469658468246117
1178	52.384268671455786	3.469091255207812
1179	52.38281162753595	3.4685258917506103
1180	52.38136022547797	3.4679623749428288
1181	52.37991444519143	3.467400701852783
1182	52.37847426658588	3.466840869548791
1183	52.37703966957091	3.4662828750991674
1184	52.37561063405607	3.465726715572231
1185	52.37418713995094	3.4651723880362963
1186	52.372769167165075	3.4646198895596827
1187	52.37135669560806	3.464069217210704
1188	52.369949705189455	3.46352036805768
1189	52.36854817581883	3.462973339168925
1190	52.367152087405756	3.4624281276127555
1191	52.365761419859794	3.461884730457489
1192	52.36437615309052	3.461343144771443
1193	52.362996267007496	3.460803367622933
1194	52.361621741520295	3.460265396080276
1195	52.3602525565385	3.4597292272117888
1196	52.35888869197166	3.4591948580857874
1197	52.35753012772933	3.4586622857705893
1198	52.356176843721116	3.4581315073345107
1199	52.35482881985656	3.4576025198458686
1200	52.35348603604523	3.4570753203729803
1201	52.35214847219672	3.4565499059841605
1202	52.35081610822057	3.4560262737477276
1203	52.34948892402636	3.4555044207319976
1204	52.348166899523655	3.454984344005287
1205	52.346850014622035	3.454466040635913
1206	52.345538249231055	3.453949507692193
1207	52.34423158326028	3.453434742242442
1208	52.3429299966193	3.452921741354977
1209	52.341633469217676	3.4524105020981155
1210	52.340341980964965	3.4519010215401726
1211	52.33905551177074	3.451393296749467
1212	52.33777404154457	3.4508873247943153
1213	52.33649755019603	3.4503831027430323
1214	52.33522601763468	3.4498806276639358
1215	52.33395942377009	3.449379896625343
1216	52.33269774851183	3.4488809066955692
1217	52.331440971769474	3.448383654942931
1218	52.33018907345259	3.4478881384357485
1219	52.32894203347073	3.447394354242334
1220	52.32769983173348	3.446902299431006
1221	52.32646244815041	3.446411971070081
1222	52.325229862631076	3.445923366227876
1223	52.32400205508506	3.4454364819727075
1224	52.322779005421914	3.4449513153728923
1225	52.32156069355121	3.4444678634967474
1226	52.32034709938254	3.4439861234125875
1227	52.31913820282544	3.4435060921887315
1228	52.3179339837895	3.443027766893495
1229	52.316734422184275	3.442551144595195
1230	52.315539497919346	3.4420762223621493
1231	52.314349190904274	3.4416029972626725
1232	52.31316348104863	3.4411314663650825
1233	52.311982348261985	3.4406616267376946
1234	52.310805772453904	3.4401934754488273
1235	52.30963373353395	3.439727009566796
1236	52.3084662114117	3.439262226159919
1237	52.30730318599673	3.438799122296511
1238	52.306144637198585	3.43833769504489
1239	52.30499054492685	3.4378779414733716
1240	52.3038408890911	3.437419858650273
1241	52.302695649600885	3.4369634436439114
1242	52.301554806365786	3.436508693522603
1243	52.30041833929536	3.4360556053546643
1244	52.299286228299195	3.4356041762084115
1245	52.298158453286845	3.4351544031521626
1246	52.29703499416789	3.4347062832542337
1247	52.295915830851875	3.4342598135829405
1248	52.29480094324839	3.433814991206602
1249	52.29369031126701	3.433371813193532
1250	52.29258391481727	3.432930276612049
1251	52.29148173380878	3.4324903785304692
1252	52.290383748151086	3.4320521160171094
1253	52.28928993775375	3.4316154861402857
1254	52.28820028252635	3.4311804859683166
1255	52.28711476237845	3.4307471125695166
1256	52.28603335721963	3.4303153630122023
1257	52.28495604695945	3.4298852343646926
1258	52.283882811507475	3.4294567236953015
1259	52.282813630773276	3.429029828072348
1260	52.28174848466643	3.428604544564148
1261	52.2806873530965	3.4281808702390175
1262	52.27963021597305	3.427758802165273
1263	52.27857705320566	3.427338337411233
1264	52.27752784470389	3.4269194730452117
1265	52.276482570377304	3.426502206135527
1266	52.27544121013548	3.426086533750497
1267	52.27440374388798	3.425672452958436
1268	52.27337015154437	3.425259960827662
1269	52.27234041301423	3.4248490544264905
1270	52.27131450820712	3.4244397308232397
1271	52.27029241703261	3.424031987086225
1272	52.269274119400265	3.4236258202837644
1273	52.26825959521967	3.4232212274841736
1274	52.26724882440037	3.4228182057557683
1275	52.26624178685195	3.4224167521668676
1276	52.265238462483964	3.422016863785786
1277	52.264238831206	3.4216185376808417
1278	52.26324287292763	3.4212217709203516
1279	52.26225056755839	3.4208265605726305
1280	52.26126189500787	3.4204329037059957
1281	52.26027683518564	3.4200407973887645
1282	52.25929536800126	3.4196502386892527
1283	52.25831747336431	3.419261224675779
1284	52.25734313118434	3.4188737524166584
1285	52.25637232137095	3.4184878189802075
1286	52.25540502383367	3.4181034214347434
1287	52.25444121848209	3.417720556848582
1288	52.253480885225784	3.4173392222900407
1289	52.25252400397431	3.4169594148274363
1290	52.25157055463723	3.4165811315290866
1291	52.25062051712413	3.416204369463306
1292	52.24967387134458	3.415829125698412
1293	52.24873059720812	3.415455397302721
1294	52.24779067462435	3.4150831813445506
1295	52.246854083502825	3.414712474892216
1296	52.24592080375311	3.4143432750140366
1297	52.24499081528477	3.4139755787783264
1298	52.2440640980074	3.4136093832534025
1299	52.243140631830535	3.413244685507583
1300	52.24222039666376	3.412881482609183
1301	52.24130337241665	3.412519771626519
1302	52.24038953899876	3.4121595496279093
1303	52.239478876319666	3.411800813681671
1304	52.23857136428893	3.411443560856117
1305	52.23766698281613	3.4110877882195676
1306	52.23676571181083	3.410733492840338
1307	52.235867531182606	3.4103806717867453
1308	52.23497242084101	3.410029322127106
1309	52.234080360695614	3.409679440929738
1310	52.233191330656	3.409331025262956
1311	52.23230531063172	3.4089840721950764
1312	52.231422280532364	3.4086385787944185
1313	52.23054222026748	3.4082945421292963
1314	52.22966510974665	3.4079519592680274
1315	52.22879092887943	3.4076108272789307
1316	52.22791965757539	3.407271143230319
1317	52.22705127574412	3.406932904190511
1318	52.226185763295156	3.4065961072278235
1319	52.22532310013809	3.4062607494105728
1320	52.22446326618249	3.4059268278070745
1321	52.22360624133792	3.4055943394856487
1322	52.222752005513925	3.4052632815146078
1323	52.22190053862011	3.404933650962271
1324	52.221051820566025	3.4046054448969545
1325	52.22020583126125	3.404278660386975
1326	52.21936255061534	3.4039532945006488
1327	52.21852195853786	3.403629344306293
1328	52.2176840349384	3.4033068068722243
1329	52.21684875972652	3.402985679266758
1330	52.21601611281177	3.4026659585582126
1331	52.21518607410374	3.4023476418149046
1332	52.214358623512	3.4020307261051497
1333	52.213533740946104	3.4017152084972655
1334	52.212711406315634	3.401401086059568
1335	52.21189159953014	3.4010883558603737
1336	52.211074300499206	3.4007770149679986
1337	52.2102594891324	3.4004670604507616
1338	52.20944714533928	3.4001584893769783
1339	52.20863724902943	3.399851298814966
1340	52.207829780112405	3.3995454858330394
1341	52.20702471849778	3.399241047499517
1342	52.20622204409513	3.3989379808827143
1343	52.205421736814	3.3986362830509482
1344	52.204623776563984	3.398335951072537
1345	52.20382814325464	3.398036982015795
1346	52.20303481679554	3.3977393729490406
1347	52.20224377709625	3.3974431209405895
1348	52.20145500406635	3.397148223058759
1349	52.20066847761538	3.3968546763718654
1350	52.199884177652926	3.3965624779482244
1351	52.199102084088565	3.396271624856156
1352	52.19832217683185	3.3959821141639726
1353	52.19754443579236	3.3956939429399933
1354	52.19676884087966	3.3954071082525337
1355	52.19599537200332	3.3951216071699117
1356	52.1952240090729	3.394837436760444
1357	52.19445473199798	3.3945545940924466
1358	52.19368752068813	3.394273076234236
1359	52.1929223550529	3.3939928802541277
1360	52.19215921500188	3.3937140032204405
1361	52.19139808044463	3.3934364422014904
1362	52.19063893129072	3.3931601942655947
1363	52.18988174744972	3.3928852564810694
1364	52.18912650883118	3.3926116259162304
1365	52.188373195344695	3.392339299639395
1366	52.187621786899825	3.3920682747188797
1367	52.18687226340613	3.391798548223002
1368	52.186124604773184	3.3915301172200776
1369	52.18537879091056	3.3912629787784248
1370	52.184634801727825	3.3909971299663577
1371	52.18389261713454	3.390732567852195
1372	52.18315221704028	3.3904692895042525
1373	52.18241358135461	3.390207291990847
1374	52.18167668998711	3.389946572380295
1375	52.180941522847334	3.3896871277409137
1376	52.18020805984486	3.3894289551410193
1377	52.17947628088925	3.3891720516489285
1378	52.17874616589007	3.3889164143329586
1379	52.17801769475689	3.3886620402614254
1380	52.17729084739929	3.3884089265026462
1381	52.17656560372683	3.388157070124938
1382	52.17584194364908	3.3879064681966153
1383	52.17511984707561	3.387657117785998
1384	52.17439929391598	3.387409015961399
1385	52.17368026407977	3.387162159791139
1386	52.17296273747654	3.386916546343532
1387	52.17224669401587	3.3866721726868967
1388	52.17153211360731	3.386429035889548
1389	52.17081897616044	3.3861871330198023
1390	52.17010726158483	3.3859464611459775
1391	52.169396949790055	3.385707017336389
1392	52.168688020685664	3.385468798659355
1393	52.16798045418124	3.3852318021831924
1394	52.167274230186344	3.3849960249762154
1395	52.16656932861055	3.384761464106743
1396	52.16586572936343	3.3845281166430907
1397	52.165163412354545	3.3842959796535763
1398	52.16446235749346	3.384065050206514
1399	52.16376254468975	3.3838353253702254
1400	52.163063953853	3.3836068022130212
1401	52.16236656489274	3.3833794778032216
1402	52.16167035771858	3.383153349209142
1403	52.160975312240055	3.3829284134991005
1404	52.16028140836676	3.3827046677414128
1405	52.15958862600823	3.3824821090043957
1406	52.15889694507406	3.382260734356365
1407	52.15820634547383	3.382040540865638
1408	52.15751680711708	3.381821525600532
1409	52.15682830991339	3.381603685629363
1410	52.15614083377232	3.3813870180204484
1411	52.15545435860346	3.381171519842105
1412	52.15476886431636	3.380957188162648
1413	52.154084330820595	3.3807440200503946
1414	52.15340073802573	3.3805320125736613
1415	52.15271806584134	3.380321162800766
1416	52.152036294176995	3.3801114678000244
1417	52.15135540294226	3.379902924639754
1418	52.15067537204669	3.3796955303882705
1419	52.14999618139987	3.379489282113891
1420	52.14931781091137	3.3792841768849318
1421	52.14864024049074	3.379080211769709
1422	52.14796345004757	3.378877383836542
1423	52.14728741949141	3.3786756901537442
1424	52.14661212873185	3.3784751277896343
1425	52.145937557678444	3.3782756938125282
1426	52.14526368624076	3.378077385290742
1427	52.14459049432837	3.3778801992925938
1428	52.143917961850846	3.377684132886399
1429	52.14324606871775	3.3774891831404767
1430	52.14257479483865	3.3772953471231397
1431	52.14190412012313	3.377102621902707
1432	52.14123402448074	3.3769110045474946
1433	52.14056448782106	3.3767204921258203
1434	52.13989549005365	3.376531081706
1435	52.139227011088074	3.3763427703563504
1436	52.13855903083392	3.376155555145188
1437	52.137891529200736	3.3759694331408285
1438	52.137224486098106	3.3757844014115914
1439	52.13655788143559	3.37560045702579
1440	52.13589169512276	3.375417597051743
1441	52.13522590706918	3.375235818557768
1442	52.134560497184424	3.3750551186121793
1443	52.13389544537806	3.3748754942832946
1444	52.13323073155965	3.3746969426394307
1445	52.132566335638785	3.374519460748904
1446	52.131902237525	3.3743430456800305
1447	52.13123841712788	3.37416769450113
1448	52.130574854357	3.373993404280515
1449	52.12991152912192	3.373820172086505
1450	52.12924842133221	3.373647994987415
1451	52.12858551089744	3.3734768700515625
1452	52.12792277772717	3.373306794347264
1453	52.127260201730984	3.3731377649428356
1454	52.126597762818434	3.372969778906597
1455	52.125935440899106	3.3728028333068596
1456	52.12527321588256	3.3726369252119444
1457	52.12461106767836	3.372472051690167
1458	52.123948976196075	3.3723082098098422
1459	52.12328692134529	3.372145396639289
1460	52.122624883035556	3.3719836092468243
1461	52.12196284117644	3.3718228447007625
1462	52.12130077567752	3.371663100069421
1463	52.12063866644836	3.3715043724211173
1464	52.11997649339853	3.371346658824168
1465	52.1193142364376	3.371189956346889
1466	52.11865187547514	3.3710342620575986
1467	52.11798939042072	3.3708795730246117
1468	52.11732676118389	3.370725886316245
1469	52.11666396767424	3.3705731990008156
1470	52.116000989801336	3.3704215081466415
1471	52.11533780747474	3.3702708108220367
1472	52.11467440060402	3.370121104095321
1473	52.114010749098746	3.3699723850348087
1474	52.11334683286849	3.369824650708817
1475	52.112682631822814	3.3696778981856625
1476	52.112018125871295	3.369532124533662
1477	52.11135329492349	3.3693873268211334
1478	52.11068811888898	3.3692435021163916
1479	52.11002257767733	3.369100647487754
1480	52.1093566511981	3.368958760003537
1481	52.108690319360875	3.3688178367320583
1482	52.1080235620752	3.3686778747416333
1483	52.10735635925067	3.3685388711005793
1484	52.106688690796844	3.3684008228772138
1485	52.10602053662328	3.36826372713985
1486	52.10535187663955	3.3681275809568083
1487	52.10468269075524	3.3679923813964043
1488	52.1040129588799	3.367858125526954
1489	52.1033426609231	3.367724810416775
1490	52.10267177679441	3.3675924331341847
1491	52.1020002864034	3.3674609907474973
1492	52.101328169659645	3.36733048032503
1493	52.100655406472704	3.367200898935102
1494	52.09998197675215	3.3670722436460263
1495	52.09930786040755	3.366944511526123
1496	52.09863303734848	3.3668176996437076
1497	52.09795748748449	3.3666918050670955
1498	52.09728119072518	3.3665668248646043
1499	52.09660412698008	3.366442756104551
1500	52.095926276158785	3.3663195958552516
1501	52.095247618170866	3.366197341185022
1502	52.09456813292587	3.3660759891621828
1503	52.09388780033338	3.3659555368550462
1504	52.09320660030296	3.36583598133193
1505	52.092524512744184	3.3657173196611523
1506	52.091841517566614	3.3655995489110286
1507	52.09115759467982	3.3654826661498762
1508	52.09047272399337	3.3653666684460104
1509	52.08978688541684	3.365251552867751
1510	52.0891000588598	3.36513731648341
1511	52.088412224231796	3.365023956361308
1512	52.08772336144242	3.3649114695697593
1513	52.087033450401236	3.364799853177083
1514	52.0863424710178	3.3646891042515943
1515	52.085650403201704	3.364579219861609
1516	52.08495722686249	3.364470197075445
1517	52.08426292190975	3.3643620329614174
1518	52.08356746825304	3.3642547245878456
1519	52.08287084580192	3.364148269023044
1520	52.082173034465974	3.3640426633353315
1521	52.081474014154765	3.3639379045930227
1522	52.08077376477786	3.363833989864434
1523	52.080072266244834	3.3637309162178832
1524	52.07936949846524	3.363628680721687
1525	52.07866544134867	3.363527280444162
1526	52.07796007480467	3.3634267124536246
1527	52.077253378742824	3.363326973818392
1528	52.07654533307269	3.3632280616067796
1529	52.075835917703856	3.363129972887105
1530	52.07512511254586	3.363032704727685
1531	52.074412897508296	3.3629362541968364
1532	52.073699252500724	3.3628406183628754
1533	52.0729841574327	3.362745794294119
1534	52.07226759221382	3.3626517790588824
1535	52.07154953675362	3.362558569725484
1536	52.0708299709617	3.3624661633622406
1537	52.0701088747476	3.3623745570374672
1538	52.06938622802092	3.362283747819484
1539	52.0686620106912	3.362193732776602
1540	52.06793620266802	3.3621045089771426
1541	52.06720878386094	3.362016073489421
1542	52.06647973417955	3.361928423381754
1543	52.06574903353341	3.3618415557224575
1544	52.06501666183207	3.36175546757985
1545	52.064282598985116	3.3616701560222455
1546	52.06354682490211	3.3615856181179624
1547	52.06280931949263	3.361501850935317
1548	52.06207006266623	3.3614188515426267
1549	52.06132903433249	3.3613366170082064
1550	52.06058621440098	3.361255144400375
1551	52.05984158278126	3.361174430787448
1552	52.0590951193829	3.3610944732377415
1553	52.05834680411547	3.3610152688195734
1554	52.057596616888546	3.360936814601259
1555	52.05684453761168	3.360859107651116
1556	52.056090546194454	3.3607821450374615
1557	52.05533462254645	3.3607059238286108
1558	52.0545767465772	3.360630441092881
1559	52.05381689819629	3.36055569389859
1560	52.053055057313294	3.3604816793140526
1561	52.05229120383778	3.3604083944075867
1562	52.05152531767931	3.360335836247509
1563	52.050757378747456	3.3602640019021357
1564	52.04998736695179	3.360192888439783
1565	52.049215262201876	3.360122492928768
1566	52.048441044407284	3.360052812437408
1567	52.047664693477586	3.359983844034019
1568	52.046886189322336	3.3599155847869184
1569	52.046105511851124	3.3598480317644217
1570	52.04532264097351	3.359781182034847
1571	52.04453755659906	3.359715032666509
1572	52.04375023863734	3.3596495807277265
1573	52.042960666997914	3.3595848232868137
1574	52.04216882159036	3.359520757412091
1575	52.041374682324246	3.3594573801718717
1576	52.040578229109144	3.3593946886344734
1577	52.03977944185461	3.3593326798682135
1578	52.03897830047023	3.3592713509414076
1579	52.038174784865554	3.3592106989223733
1580	52.03736887495016	3.359150720879427
1581	52.036560550633624	3.359091413880885
1582	52.0357497918255	3.359032774995064
1583	52.034936578435364	3.3589748012902816
1584	52.03412089037279	3.3589174898348535
1585	52.033302707547335	3.358860837697096
1586	52.03248200986857	3.3588048419453282
1587	52.03165877724607	3.358749499647864
1588	52.0308329895894	3.3586948078730203
1589	52.03000462680813	3.3586407636891145
1590	52.02917366881182	3.358587364164465
1591	52.028340095510046	3.358534606367385
1592	52.027503886812376	3.358482487366195
1593	52.02666502262838	3.358431004229208
1594	52.02582348286763	3.358380154024743
1595	52.02497924743968	3.358329933821115
1596	52.024132296254116	3.3582803406866417
1597	52.023282609220495	3.35823137168964
1598	52.0224301662484	3.3581830238984276
1599	52.02157494724737	3.3581352943813183
1600	52.02071693212701	3.3580881802066314
1601	52.01985610079686	3.3580416784426816
1602	52.0189924331665	3.3579957861577867
1603	52.0181259091455	3.3579505004202628
1604	52.01725650864343	3.357905818298428
1605	52.01638421156985	3.3578617368605967
1606	52.01550899783433	3.3578182531750875
1607	52.01463084734645	3.357775364310216
1608	52.01374974001577	3.3577330673342987
1609	52.01286565575185	3.3576913593156537
1610	52.01197857446427	3.3576502373225954
1611	52.0110884760626	3.357609698423444
1612	52.01019534045641	3.357569739686512
1613	52.00929914755526	3.3575303581801186
1614	52.00839987726872	3.3574915509725805
1615	52.007497509506365	3.357453315132213
1616	52.006592024177756	3.357415647727334
1617	52.005683401192464	3.35737854582626
1618	52.004771620460055	3.3573420064973063
1619	52.003856661890104	3.3573060268087915
1620	52.00293850539218	3.3572706038290305
1621	52.00201713087584	3.3572357346263417
1622	52.001092518250665	3.357201416269041
1623	52.00016464742622	3.357167645825446
1624	51.999233498312066	3.3571344203638716
1625	51.99829905081778	3.357101736952635
1626	51.997361284852936	3.3570695926600527
1627	51.996420180327085	3.3570379845544425
1628	51.995475717149816	3.3570069097041197
1629	51.99452787523067	3.356976365177403
1630	51.99357663447925	3.356946348042607
1631	51.992621974805104	3.3569168553680493
1632	51.9916638761178	3.3568878842220458
1633	51.99070231832691	3.356859431672915
1634	51.989737281342	3.3568314947889704
1635	51.98876874507265	3.3568040706385327
1636	51.987796689428414	3.3567771562899145
1637	51.98682109431886	3.356750748811436
1638	51.985841939653575	3.356724845271411
1639	51.98485920534211	3.356699442738159
1640	51.983872871294054	3.356674538279994
1641	51.98288291741894	3.356650128965235
1642	51.98188932362636	3.3566262118621957
1643	51.980892069825885	3.356602784039196
1644	51.979891135927076	3.3565798425645497
1645	51.97888650183951	3.356557384506576
1646	51.97787814747274	3.3565354069335904
1647	51.97686605273635	3.3565139069139107
1648	51.9758501975399	3.3564928815158512
1649	51.97483056179296	3.3564723278077295
1650	51.9738071254051	3.356452242857863
1651	51.97277986828589	3.3564326237345683
1652	51.9717487703449	3.356413467506161
1653	51.97071381149169	3.3563947712409608
1654	51.96967497163584	3.35637653200728
1655	51.96863223068691	3.3563587468734384
1656	51.96758556855447	3.3563414129077516
1657	51.966534965148085	3.356324527178536
1658	51.96548040037733	3.3563080867541077
1659	51.964421854151766	3.3562920887027863
1660	51.96335930638098	3.3562765300928854
1661	51.96229273697452	3.356261407992722
1662	51.961222125841964	3.3562467194706143
1663	51.96014745289287	3.3562324615948786
1664	51.95906869803682	3.356218631433831
1665	51.95798584118339	3.356205226055788
1666	51.95689886224212	3.3561922425290667
1667	51.955807741122605	3.356179677921983
1668	51.9547124577344	3.3561675293028554
1669	51.953612991987086	3.3561557937399984
1670	51.95250932379021	3.3561444683017303
1671	51.951401433053356	3.356133550056368
1672	51.95028929968609	3.3561230360722263
1673	51.94917290359798	3.3561129234176224
1674	51.9480522246986	3.3561032091608736
1675	51.9469272428975	3.356093890370296
1676	51.94579793810427	3.3560849641142076
1677	51.944664290228474	3.356076427460925
1678	51.94352627917967	3.356068277478763
1679	51.94238388486744	3.3560605112360395
1680	51.94123708720134	3.3560531258010706
1681	51.940085866090946	3.3560461182421735
1682	51.93893020144583	3.3560394856276647
1683	51.93777007317556	3.356033225025861
1684	51.936605461189686	3.356027333505079
1685	51.9354363453978	3.3560218081336353
1686	51.93426270570946	3.3560166459798464
1687	51.93308452203423	3.3560118441120297
1688	51.931901774281684	3.356007399598501
1689	51.93071444236139	3.356003309507578
1690	51.92952250618293	3.355999570907576
1691	51.92832594565585	3.355996180866812
1692	51.92712474068973	3.355993136453603
1693	51.925918871194135	3.3559904347362663
1694	51.92470831707864	3.3559880727831177
1695	51.9234930582528	3.3559860476624754
1696	51.92227307462621	3.355984356442654
1697	51.92104834610841	3.3559829961919694
1698	51.919818852608984	3.3559819639787407
1699	51.918584574037496	3.3559812568712837
1700	51.917345490303504	3.355980871937916
1701	51.916101581316596	3.3559808062469534
1702	51.91485282698633	3.355981056866712
1703	51.91359920722228	3.355981620865509
1704	51.91234070193401	3.3559824953116615
1705	51.91107729103109	3.3559836772734846
1706	51.909808954423085	3.3559851638192963
1707	51.908535672019575	3.3559869520174144
1708	51.907257423730115	3.3559890389361535
1709	51.905974189464274	3.3559914216438314
1710	51.90468594913163	3.3559940972087636
1711	51.90339268264175	3.3559970626992683
1712	51.90209436990419	3.3560003151836617
1713	51.90079099082853	3.35600385173026
1714	51.899482525324345	3.3560076694073797
1715	51.89816895330119	3.356011765283337
1716	51.896850254668635	3.3560161364264505
1717	51.895526409336256	3.3560207799050357
1718	51.89419739721362	3.356025692787409
1719	51.892863198210286	3.3560308721418886
1720	51.89152379223584	3.356036315036789
1721	51.89017915919983	3.356042018540428
1722	51.888829279011844	3.3560479797211222
1723	51.88747413158144	3.3560541956471877
1724	51.886113696818185	3.3560606633869425
1725	51.88474795463165	3.356067380008703
1726	51.8833768849314	3.3560743425807846
1727	51.882000467627016	3.3560815481715043
1728	51.880618682628054	3.3560889938491787
1729	51.87923150984408	3.3560966766821263
1730	51.877838929184676	3.3561045937386607
1731	51.8764409205594	3.3561127420871024
1732	51.87503746387783	3.3561211187957656
1733	51.873628539049534	3.3561297209329664
1734	51.872214125984065	3.3561385455670227
1735	51.87079420459101	3.356147589766251
1736	51.86936875477992	3.356156850598967
1737	51.867937756460385	3.35616632513349
1738	51.86650118954196	3.3561760104381335
1739	51.86505903393421	3.3561859035812156
1740	51.8636112695467	3.356196001631054
1741	51.86215787628902	3.356206301655963
1742	51.86069883407072	3.3562168007242614
1743	51.859234122801375	3.3562274959042657
1744	51.85776372239056	3.35623838426429
1745	51.85628761274782	3.356249462872654
1746	51.85480577378275	3.3562607287976722
1747	51.85331818540491	3.3562721791076635
1748	51.85182482752386	3.3562838108709436
1749	51.85032568004919	3.3562956211558292
1750	51.848820722890444	3.3563076070306357
1751	51.847309935957206	3.356319765563681
1752	51.84579329915904	3.356332093823281
1753	51.84427079240551	3.356344588877754
1754	51.84274239560619	3.3563572477954144
1755	51.84120808867064	3.356370067644582
1756	51.83966785150844	3.356383045493571
1757	51.83812166402915	3.356396178410698
1758	51.836569506142354	3.35640946346428
1759	51.8350113577576	3.3564228977226347
1760	51.83344719878446	3.356436478254077
1761	51.83187700913252	3.356450202126926
1762	51.83030076871133	3.356464066409496
1763	51.82871845743047	3.356478068170105
1764	51.82713005519949	3.3564922044770693
1765	51.82553554192799	3.3565064723987055
1766	51.82393489752552	3.356520869003331
1767	51.82232810190164	3.3565353913592606
1768	51.82071513496594	3.3565500365348133
1769	51.81909597662796	3.3565648015983043
1770	51.8174706067973	3.35657968361805
1771	51.81583900538351	3.356594679662368
1772	51.81420115229616	3.356609786799576
1773	51.81255702744481	3.3566250020979878
1774	51.81090661073905	3.3566403226259234
1775	51.809249882088444	3.3566557454516963
1776	51.807586821402545	3.3566712676436246
1777	51.80591740859093	3.3566868862700248
1778	51.80424162356317	3.3567025983992136
1779	51.80255944622884	3.356718401099508
1780	51.8008708564975	3.356734291439226
1781	51.79917583427871	3.356750266486681
1782	51.797474359482045	3.3567663233101923
1783	51.79576641201709	3.3567824589780755
1784	51.79405197179339	3.356798670558646
1785	51.79233101872052	3.3568149551202233
1786	51.79060353270806	3.3568313097311226
1787	51.788869493665565	3.3568477314596605
1788	51.78712888150261	3.356864217374154
1789	51.785381676128765	3.3568807645429195
1790	51.783627857453595	3.3568973700342735
1791	51.78186740538667	3.356914030916533
1792	51.78010029983756	3.356930744258015
1793	51.77832652071584	3.3569475071270345
1794	51.77654604793105	3.3569643165919105
1795	51.77475886139278	3.356981169720959
1796	51.77296494101061	3.356998063582496
1797	51.77116426669409	3.3570149952448376
1798	51.7693568183528	3.357031961776303
1799	51.76754257589629	3.357048960245206
1800	51.765721519234155	3.357065987719865
1801	51.763893628275945	3.357083041268595
1802	51.76205888293123	3.357100117959714
1803	51.76021726310959	3.3571172148615394
1804	51.75836874872058	3.3571343290423874
1805	51.75651331967377	3.357151457570574
1806	51.754650955878745	3.357168597514416
1807	51.75278163724506	3.3571857459422287
1808	51.75090534368228	3.357202899922332
1809	51.74902205509997	3.357220056523039
1810	51.747131751407714	3.35723721281267
1811	51.745234412515074	3.357254365859539
1812	51.74333001833162	3.3572715127319634
1813	51.741418548766916	3.357288650498261
1814	51.73949998373053	3.357305776226746
1815	51.737574303132035	3.3573228869857368
1816	51.735641486881	3.3573399798435517
1817	51.73370151488699	3.3573570518685028
1818	51.73175436705958	3.3573741001289106
1819	51.72980002330833	3.3573911216930914
1820	51.72783846354282	3.3574081136293596
1821	51.725869667672605	3.357425073006034
1822	51.72389361560726	3.3574419968914326
1823	51.72191028725635	3.3574588823538676
1824	51.71991966252945	3.357475726461659
1825	51.717921721336126	3.3574925262831212
1826	51.71591644358594	3.3575092788865737
1827	51.713903809188466	3.3575259813403315
1828	51.71188379805328	3.357542630712713
1829	51.70985639008994	3.357559224072032
1830	51.707821565208015	3.3575757584866075
1831	51.70577930331707	3.357592231024753
1832	51.703729584326695	3.3576086387547894
1833	51.701672388146434	3.35762497874503
1834	51.69960769468587	3.357641248063795
1835	51.69753548385457	3.357657443779398
1836	51.69545573556209	3.357673562960156
1837	51.693368429718014	3.3576896026743865
1838	51.6912735462319	3.357705559990406
1839	51.689171065013326	3.357721431976531
1840	51.68706096597185	3.357737215701079
1841	51.68494322901705	3.357752908232365
1842	51.68281783405849	3.357768506638708
1843	51.680684761005736	3.3577840079884216
1844	51.67854398976836	3.357799409349825
1845	51.67639550025592	3.357814707791235
1846	51.674239272378	3.357829900380967
1847	51.672075286044176	3.3578449841873366
1848	51.66990352116399	3.3578599562786633
1849	51.667723957647034	3.357874813723261
1850	51.66553657540287	3.3578895535894486
1851	51.66334135434105	3.3579041729455414
1852	51.66113827437116	3.357918668859858
1853	51.658927315402764	3.3579330384007124
1854	51.656708457345445	3.3579472786364226
1855	51.654481680108745	3.357961386635304
1856	51.65224696360224	3.357975359465676
1857	51.65000428773551	3.357989194195853
1858	51.647753632418116	3.3580028878941537
1859	51.64549497755963	3.3580164376288923
1860	51.64322830306961	3.358029840468386
1861	51.640953588857634	3.3580430934809535
1862	51.63867081483328	3.358056193734909
1863	51.636379960906105	3.3580691382985703
1864	51.634081006985674	3.3580819242402544
1865	51.63177393298155	3.3580945486282774
1866	51.62945871880332	3.358107008530957
1867	51.62713534436055	3.358119301016608
1868	51.6248037895628	3.3581314231535484
1869	51.622464034319634	3.358143372010095
1870	51.62011605854063	3.3581551446545634
1871	51.61775984213536	3.358166738155271
1872	51.615395365013384	3.3581781495805334
1873	51.61302260708427	3.3581893759986694
1874	51.6106415482576	3.3582004144779942
1875	51.608252168442924	3.358211262086825
1876	51.60585444754982	3.358221915893479
1877	51.60344836548786	3.358232372966271
1878	51.6010339021666	3.3582426303735184
1879	51.598611037495616	3.358252685183539
1880	51.59617975138448	3.3582625344646484
1881	51.593740023742754	3.358272175285164
1882	51.59129183448002	3.3582816047134028
1883	51.58883516350583	3.3582908198176797
1884	51.58636999072975	3.3582998176663126
1885	51.583896296061376	3.358308595327618
1886	51.58141405941025	3.358317149869912
1887	51.578923260685954	3.3583254783615124
1888	51.57642387979804	3.3583335778707353
1889	51.573915896656096	3.358341445465897
1890	51.57139929116969	3.358349078215315
1891	51.56887404324838	3.358356473187306
1892	51.566340132801734	3.358363627450185
1893	51.56379753973932	3.3583705380722706
1894	51.561246243970714	3.3583772021218783
1895	51.558686225405474	3.358383616667326
1896	51.556117463953186	3.358389778776928
1897	51.553539939523404	3.3583956855190036
1898	51.55095363202571	3.3584013339618686
1899	51.54835852136964	3.3584067211738393
1900	51.545754587464806	3.358411844223233
1901	51.54314181022075	3.3584167001783656
1902	51.54052016954705	3.358421286107553
1903	51.537889645353275	3.3584255990791134
1904	51.53525021754899	3.3584296361613633
1905	51.53260186604376	3.358433394422619
1906	51.52994457074716	3.358436870931199
1907	51.52727831156875	3.3584400627554163
1908	51.524603068418116	3.3584429669635907
1909	51.52191882120481	3.3584455806240365
1910	51.519225549838396	3.3584479008050714
1911	51.51652323422846	3.358449924575013
1912	51.513811854284555	3.3584516490021774
1913	51.51109138991627	3.3584530711548797
1914	51.50836182103315	3.35845418810144
1915	51.50562312754478	3.3584549969101714
1916	51.502875289360716	3.3584554946493927
1917	51.50011828639053	3.3584556783874193
1918	51.497352098543814	3.3584555451925695
1919	51.4945767057301	3.3584550921331586
1920	51.49179208785898	3.358454316277503
1921	51.48899822484001	3.3584532146939208
1922	51.486195096582776	3.3584517844507276
1923	51.48338268299682	3.3584500226162404
1924	51.48056096399173	3.3584479262587763
1925	51.47772991947707	3.3584454924466502
1926	51.47488952936241	3.3584427182481815
1927	51.47203977355732	3.3584396007316846
1928	51.469180631971355	3.3584361369654774
1929	51.466312084514094	3.3584323240178757
1930	51.46343411109511	3.3584281589571976
1931	51.460546691623975	3.358423638851759
1932	51.457649806010245	3.358418760769876
1933	51.45474343416348	3.3584135217798647
1934	51.451827555993276	3.3584079189500438
1935	51.448902151409186	3.3584019493487274
1936	51.44596720032077	3.358395610044235
1937	51.44302268263762	3.3583888981048826
1938	51.440068578269276	3.358381810598986
1939	51.43710486712534	3.358374344594862
1940	51.43413152911535	3.358366497160827
1941	51.43114854414888	3.358358265365197
1942	51.428155892135514	3.3583496462762907
1943	51.42515355298481	3.3583406369624242
1944	51.422141506606344	3.3583312344919136
1945	51.419119732909664	3.358321435933076
1946	51.41608821180437	3.358311238354227
1947	51.413046923200014	3.358300638823685
1948	51.40999584700615	3.3582896344097652
1949	51.40693496313236	3.3582782221807848
1950	51.403864251488216	3.358266399205061
1951	51.40078369198329	3.3582541625509084
1952	51.39769326452714	3.358241509286646
1953	51.394592949029345	3.3582284364805903
1954	51.39148272539947	3.3582149412010573
1955	51.38836257354707	3.3582010205163644
1956	51.385232473381734	3.358186671494826
1957	51.382092404813015	3.358171891204761
1958	51.37894234775049	3.3581566767144855
1959	51.37578228210373	3.358141025092316
1960	51.372612187782295	3.3581249334065686
1961	51.369432044695756	3.3581083987255624
1962	51.36624183275367	3.3580914181176116
1963	51.36304153186563	3.3580739886510336
1964	51.3598311219412	3.358056107394144
1965	51.356610582889935	3.3580377714152614
1966	51.3533798946214	3.3580189777827023
1967	51.35013903704519	3.3579997235647827
1968	51.346887990070854	3.357980005829818
1969	51.343626733607955	3.3579598216461264
1970	51.34035524756608	3.357939168082025
1971	51.33707351185478	3.3579180422058297
1972	51.333781506383644	3.357896441085856
1973	51.33047921106221	3.357874361790423
1974	51.32716660580009	3.3578518013878464
1975	51.323843670506804	3.357828756946443
1976	51.32051038509195	3.357805225534527
1977	51.31716672946509	3.3577812042204185
1978	51.313812683535794	3.3577566900724327
1979	51.31044822721363	3.357731680158888
1980	51.30707334040815	3.3577061715480974
1981	51.30368800302896	3.35768016130838
1982	51.3002921949856	3.357653646508053
1983	51.29688589618764	3.357626624215432
1984	51.293469086544654	3.3575990914988334
1985	51.29004174596622	3.357571045426575
1986	51.28660385436189	3.3575424830669722
1987	51.283155391641245	3.3575134014883425
1988	51.279696337713844	3.3574837977590017
1989	51.276226672489265	3.3574536689472687
1990	51.27274637587706	3.3574230121214574
1991	51.269255427786824	3.357391824349887
1992	51.265753808128096	3.3573601027008717
1993	51.26224149681047	3.3573278442427292
1994	51.258718473743485	3.357295046043777
1995	51.255184718836745	3.3572617051723297
1996	51.2516402119998	3.357227818696707
1997	51.24808493314221	3.357193383685224
1998	51.244518862173564	3.3571583972061965
1999	51.24094197900341	3.357122856327942
2000	51.237354263541334	3.357086758118776
2001	51.233755695696885	3.3570500996470183
2002	51.230146255379665	3.3570128779809822
2003	51.22652592249921	3.3569750901889863
2004	51.222894676965105	3.3569367333393476
2005	51.21925249868691	3.35689780450038
2006	51.2155993675742	3.356858300740403
2007	51.21193526353653	3.3568182191277316
2008	51.208260166483484	3.3567775567306843
2009	51.20457405632463	3.356736310617577
2010	51.200876912969534	3.356694477856725
2011	51.19716871632775	3.3566520555164456
2012	51.19344944630887	3.356609040665057
2013	51.189719082822435	3.3565654303708747
2014	51.18597760577805	3.3565212217022142
2015	51.18222499508527	3.356476411727394
2016	51.178461230653646	3.3564309975147313
2017	51.17468629239275	3.356384976132541
2018	51.17090016021216	3.35633834464914
2019	51.167102814021455	3.3562911001328444
2020	51.163294233730184	3.356243239651973
2021	51.15947439924793	3.3561947602748416
2022	51.155643290484235	3.356145659069767
2023	51.1518008873487	3.3560959331050637
2024	51.147947169750886	3.356045579449051
2025	51.144082117600355	3.3559945951700443
2026	51.140205710806676	3.3559429773363614
2027	51.136317929279414	3.3558907230163175
2028	51.13241875292814	3.355837829278231
2029	51.12850816166244	3.355784293190417
2030	51.12458613539185	3.3557301118211926
2031	51.12065265402595	3.3556752822388742
2032	51.11670769747433	3.35561980151178
2033	51.11275124564654	3.3555636667082256
2034	51.10878327845214	3.3555068748965273
2035	51.10480377580072	3.355449423145001
2036	51.10081271760183	3.355391308521965
2037	51.096810083765064	3.3553325280957362
2038	51.09279585419996	3.35527307893463
2039	51.088770008816105	3.3552129581069634
2040	51.08473252752306	3.355152162681054
2041	51.0806833902304	3.355090689725217
2042	51.07662257684768	3.3550285363077696
2043	51.072550067284496	3.3549656994970287
2044	51.06846584145039	3.354902176361311
2045	51.06436987925493	3.354837963968935
2046	51.06026216060769	3.3547730593882132
2047	51.05614266541826	3.3547074596874653
2048	51.05201137359618	3.3546411619350067
2049	51.04786826505103	3.3545741631991555
2050	51.04371331969238	3.354506460548226
2051	51.0395465174298	3.3544380510505385
2052	51.035367838172846	3.3543689317744056
2053	51.031177261831104	3.354299099788147
2054	51.026974768314126	3.3542285521600768
2055	51.022760337531494	3.3541572859585145
2056	51.018533949392776	3.354085298251775
2057	51.01429558380754	3.3540125861081767
2058	51.010045220685335	3.3539391465960326
2059	51.005782839935755	3.3538649767836626
2060	51.00150842146835	3.353790073739383
2061	50.997221945192706	3.3537144345315095
2062	50.99292339101838	3.3536380562283585
2063	50.98861273885493	3.3535609358982494
2064	50.98428996861195	3.3534830706094954
2065	50.97995506019899	3.3534044574304147
2066	50.97560799352563	3.3533250934293233
2067	50.97124874850143	3.353244975674539
2068	50.96687730503596	3.3531641012343782
2069	50.9624936430388	3.3530824671771584
2070	50.9580977424195	3.353000070571193
2071	50.95368958308765	3.3529169084848016
2072	50.949269144952794	3.3528329779863006
2073	50.94483640792451	3.3527482761440055
2074	50.940391351912375	3.3526628000262337
2075	50.935933956825956	3.352576546701304
2076	50.93146420257481	3.3524895132375288
2077	50.926982069068515	3.3524016967032266
2078	50.922487536216636	3.352313094166714
2079	50.917980583928745	3.352223702696309
2080	50.9134611921144	3.352133519360328
2081	50.90892934068319	3.352042541227087
2082	50.904385009544654	3.3519507653649008
2083	50.89982817860839	3.3518581888420895
2084	50.895258827783955	3.3517648087269665
2085	50.890676936980924	3.351670622087852
2086	50.88608248610885	3.3515756259930587
2087	50.88147545507731	3.351479817510907
2088	50.87685582379587	3.351383193709713
2089	50.87222357217411	3.3512857516577905
2090	50.86757868012158	3.3511874884234576
2091	50.862921127547864	3.3510884010750326
2092	50.85825089436252	3.3509884866808304
2093	50.853567960475125	3.350887742309168
2094	50.848872305795254	3.3507861650283632
2095	50.84416391023245	3.3506837519067307
2096	50.839442753696304	3.3505805000125886
2097	50.834708816096374	3.350476406414254
2098	50.82996207734223	3.3503714681800414
2099	50.825202517343456	3.3502656823782693
2100	50.82043011600959	3.3501590460772546
2101	50.815644853250234	3.350051556345313
