0	106.73648955364911	3.0890389813891015
1	106.72389528396789	3.0903099001171714
2	106.71131347444533	3.0915775379703643
3	106.69874411855477	3.0928418980492784
4	106.6861872097695	3.0941029834545133
5	106.6736427415628	3.095360797286669
6	106.661110707408	3.096615342646344
7	106.6485911007784	3.0978666226341387
8	106.63608391514731	3.0991146403506518
9	106.62358914398801	3.1003593988964826
10	106.61110678077382	3.101600901372231
11	106.59863681897804	3.1028391508784954
12	106.58617925207398	3.1040741505158764
13	106.57373407353494	3.1053059033849726
14	106.56130127683423	3.106534412586384
15	106.54888085544513	3.1077596812207093
16	106.53647280284098	3.1089817123885477
17	106.52407711249505	3.1102005091905
18	106.51169377788067	3.1114160747271637
19	106.49932279247113	3.1126284120991397
20	106.48696414973973	3.113837524407026
21	106.47461784315979	3.115043414751424
22	106.4622838662046	3.116246086232931
23	106.44996221234747	3.117445541952147
24	106.4376528750617	3.118641785009672
25	106.42535584782061	3.119834818506105
26	106.41307112409748	3.1210246455420454
27	106.40079869736563	3.1222112692180923
28	106.38853856109836	3.1233946926348453
29	106.37629070876898	3.1245749188929044
30	106.36405513385077	3.1257519510928673
31	106.35183182981706	3.1269257923353355
32	106.33962079014114	3.1280964457209066
33	106.32742200829632	3.129263914350181
34	106.3152354777559	3.1304282013237574
35	106.3030611919932	3.1315893097422363
36	106.2908991444815	3.132747242706216
37	106.27874932869412	3.133902003316296
38	106.26661173810434	3.135053594673076
39	106.2544863661855	3.1362020198771554
40	106.24237320641089	3.1373472820291335
41	106.2302722522538	3.1384893842296093
42	106.21818349718754	3.139628329579183
43	106.20610693468542	3.1407641211784534
44	106.19404255822074	3.14189676212802
45	106.18199036126681	3.143026255528482
46	106.16995033729694	3.1441526044804387
47	106.15792247978442	3.14527581208449
48	106.14590678220254	3.146395881441235
49	106.13390323802464	3.147512815651273
50	106.12191184072401	3.148626617815204
51	106.10993258377394	3.149737291033626
52	106.09796546064774	3.15084483840714
53	106.08601046481873	3.151949263036344
54	106.07406758976019	3.153050568021838
55	106.06213682894543	3.154148756464221
56	106.05021817584777	3.1552438314640936
57	106.0383116239405	3.1563357961220544
58	106.02641716669693	3.157424653538702
59	106.01453479759036	3.158510406814637
60	106.00266451009409	3.1595930590504575
61	105.99080629768143	3.1606726133467644
62	105.97896015382567	3.161749072804156
63	105.96712607200014	3.162822440523232
64	105.95530404567813	3.1638927196045916
65	105.94349406833295	3.1649599131488344
66	105.9316961334379	3.16602402425656
67	105.91991023446629	3.167085056028367
68	105.90813636489139	3.168143011564856
69	105.89637451818655	3.169197893966625
70	105.88462468782505	3.1702497063342743
71	105.8728868672802	3.1712984517684033
72	105.8611610500253	3.1723441333696107
73	105.84944722953367	3.1733867542384964
74	105.83774539927857	3.1744263174756595
75	105.82605555273335	3.1754628261817
76	105.8143776833713	3.1764962834572166
77	105.80271178466573	3.1775266924028087
78	105.79105785008993	3.178554056119076
79	105.7794158731172	3.1795783777066178
80	105.76778584722086	3.1805996602660334
81	105.75616776587421	3.1816179068979222
82	105.74456162255055	3.1826331207028837
83	105.73296741072318	3.183645304781517
84	105.72138512386542	3.184654462234422
85	105.70981475545055	3.1856605961621973
86	105.69825629895189	3.1866637096654427
87	105.68670974784276	3.187663805844758
88	105.67517509559643	3.188660887800742
89	105.66365233568622	3.1896549586339944
90	105.65214146158543	3.1906460214451142
91	105.64064246676737	3.191634079334701
92	105.62915534470535	3.1926191354033544
93	105.61768008887266	3.193601192751673
94	105.6062166927426	3.1945802544802575
95	105.5947651497885	3.195556323689706
96	105.58332545348364	3.1965294034806186
97	105.57189759730133	3.197499496953595
98	105.56048157471487	3.198466607209233
99	105.54907737919757	3.1994307373481337
100	105.53768500422274	3.2003918904708955
101	105.52630444326367	3.2013500696781185
102	105.51493568979367	3.2023052780704013
103	105.50357873728603	3.203257518748344
104	105.49223357921409	3.2042067948125457
105	105.48090020905113	3.2051531093636054
106	105.46957862027045	3.206096465502123
107	105.45826880634536	3.2070368663286977
108	105.44697076074917	3.207974314943929
109	105.43568447695517	3.208908814448416
110	105.42440994843668	3.209840367942758
111	105.413147168667	3.2107689785275544
112	105.40189613111941	3.211694649303405
113	105.39065682926726	3.212617383370909
114	105.3794292565838	3.213537183830666
115	105.36821340654238	3.2144540537832746
116	105.3570092726163	3.2153679963293356
117	105.34581684827882	3.216279014569446
118	105.3346361270033	3.217187111604208
119	105.323467102263	3.218092290534219
120	105.31230976753123	3.2189945544600795
121	105.30116411628133	3.2198939064823877
122	105.29003014198656	3.220790349701744
123	105.27890783812025	3.221683887218748
124	105.26779719815569	3.2225745221339976
125	105.2566982155662	3.2234622575480936
126	105.24561088382508	3.2243470965616345
127	105.23453519640562	3.225229042275221
128	105.22347114678114	3.2261080977894503
129	105.21241872842494	3.2269842662049237
130	105.20137793481031	3.22785755062224
131	105.19034875941057	3.228727954141998
132	105.17933119569902	3.2295954798647983
133	105.16832523714896	3.2304601308912386
134	105.1573308772337	3.23132191032192
135	105.14634810942654	3.2321808212574408
136	105.13537692720078	3.233036866798401
137	105.12441732402974	3.233890050045399
138	105.1134692933867	3.2347403740990353
139	105.10253282874498	3.2355878420599087
140	105.09160792357788	3.2364324570286187
141	105.0806945713587	3.2372742221057647
142	105.06979276556076	3.238113140391946
143	105.05890249965732	3.238949214987762
144	105.04802376712175	3.2397824489938127
145	105.03715656142731	3.240612845510696
146	105.02630087604732	3.2414404076390126
147	105.01545670445506	3.2422651384793615
148	105.00462404012387	3.243087041132342
149	104.99380287652703	3.2439061186985536
150	104.98299320713785	3.244722374278595
151	104.97219502542963	3.245535810973067
152	104.96140832487568	3.246346431882568
153	104.95063309894931	3.2471542401076974
154	104.93986934112381	3.247959238749054
155	104.92911704487248	3.248761430907239
156	104.91837620366864	3.2495608196828503
157	104.90764681098558	3.250357408176487
158	104.89692886029663	3.25115119948875
159	104.88622234507505	3.251942196720237
160	104.8755272587942	3.252730402971549
161	104.86484359492734	3.253515821343284
162	104.85417134694778	3.2542984549360425
163	104.84351050832882	3.255078306850423
164	104.83286107254378	3.255855380187025
165	104.82222303306597	3.2566296780464485
166	104.81159638336868	3.257401203529292
167	104.80098111692521	3.2581699597361555
168	104.79037722720888	3.258935949767638
169	104.77978470769298	3.2596991767243395
170	104.76920355185082	3.2604596437068594
171	104.7586337531557	3.2612173538157956
172	104.74807530508093	3.2619723101517493
173	104.73752820109982	3.2627245158153184
174	104.72699243468564	3.2634739739071037
175	104.71646799931175	3.2642206875277036
176	104.70595488845139	3.2649646597777178
177	104.69545309557792	3.2657058937577457
178	104.6849626141646	3.2664443925683866
179	104.67448343768477	3.26718015931024
180	104.66401555961171	3.2679131970839044
181	104.65355897341873	3.268643508989981
182	104.64311367257913	3.269371098129067
183	104.63267965056623	3.270095967601764
184	104.62225690085332	3.27081812050867
185	104.61184541691371	3.271537559950384
186	104.6014451922207	3.272254289027507
187	104.5910562202476	3.272968310840637
188	104.5806784944677	3.273679628490374
189	104.57031200835432	3.2743882450773167
190	104.55995675538075	3.2750941637020654
191	104.54961272902031	3.275797387465219
192	104.5392799227463	3.276497919467377
193	104.52895833003201	3.2771957628091384
194	104.51864794435076	3.2778909205911027
195	104.50834875917583	3.27858339591387
196	104.49806076798056	3.279273191878039
197	104.48778396423823	3.279960311584209
198	104.47751834142214	3.28064475813298
199	104.46726389300562	3.2813265346249505
200	104.45702061246195	3.2820056441607206
201	104.44678849326442	3.2826820898408893
202	104.43656752888639	3.2833558747660563
203	104.42635771280109	3.284027002036821
204	104.41615903848188	3.284695474753782
205	104.40597149940204	3.28536129601754
206	104.39579508903489	3.2860244689286926
207	104.38562980085374	3.2866849965878413
208	104.37547562833186	3.2873428820955835
209	104.36533256494256	3.28799812855252
210	104.35520060415918	3.28865073905925
211	104.34507973945499	3.2893007167163715
212	104.3349699643033	3.2899480646244856
213	104.32487127217742	3.290592785884191
214	104.31478365655065	3.2912348835960867
215	104.3047071108963	3.2918743608607723
216	104.29464162868767	3.292511220778848
217	104.28458720339806	3.2931454664509126
218	104.27454382850078	3.2937771009775645
219	104.26451149746913	3.2944061274594048
220	104.25449020377643	3.2950325489970314
221	104.24447994089594	3.295656368691045
222	104.23448070230101	3.2962775896420435
223	104.22449248146494	3.296896214950628
224	104.21451527186099	3.297512247717396
225	104.20454906696251	3.2981256910429484
226	104.19459386024279	3.2987365480278843
227	104.18464964517514	3.299344821772802
228	104.17471641523285	3.299950515378302
229	104.16479416388924	3.3005536319449833
230	104.15488288461759	3.301154174573446
231	104.14498257089123	3.3017521463642883
232	104.13509321618345	3.30234755041811
233	104.12521481396756	3.302940389835511
234	104.11534735771686	3.3035306677170895
235	104.10549084090465	3.3041183871634465
236	104.09564525700425	3.3047035512751797
237	104.08581059948894	3.30528616315289
238	104.07598686183204	3.305866225897176
239	104.06617403750684	3.3064437426086366
240	104.05637211998668	3.3070187163878724
241	104.04658110274481	3.3075911503354813
242	104.03680097925458	3.308161047552064
243	104.02703174298927	3.30872841113822
244	104.01727338742218	3.309293244194547
245	104.00752590602663	3.3098555498216458
246	103.99778929227593	3.310415331120115
247	103.98806353964336	3.310972591190555
248	103.97834864160224	3.311527333133564
249	103.96864459162587	3.312079560049743
250	103.95895138318755	3.3126292750396895
251	103.9492690097606	3.3131764812040037
252	103.9395974648183	3.3137211816432854
253	103.92993674183397	3.314263379458133
254	103.9202868342809	3.314803077749147
255	103.91064773563242	3.3153402796169256
256	103.9010194393618	3.3158749881620695
257	103.89140193894238	3.3164072064851773
258	103.88179522784743	3.316936937686848
259	103.87219929955027	3.317464184867682
260	103.86261414752421	3.317988951128277
261	103.85303976524256	3.3185112395692347
262	103.84347614617859	3.3190310532911527
263	103.83392328380563	3.319548395394631
264	103.82438117159697	3.3200632689802694
265	103.81484980302592	3.320575677148666
266	103.8053291715658	3.3210856230004215
267	103.7958192706899	3.321593109636135
268	103.78632009387152	3.322098140156405
269	103.77683163458398	3.3226007176618317
270	103.76735388630057	3.323100845253015
271	103.75788684249459	3.323598526030553
272	103.74843049663936	3.324093763095046
273	103.73898484220817	3.3245865595470927
274	103.72954987267431	3.3250769184872926
275	103.72012558151113	3.325564843016246
276	103.7107119621919	3.326050336234551
277	103.70130900818991	3.326533401242808
278	103.6919167129785	3.327014041141616
279	103.68253507003095	3.327492259031574
280	103.67316407282058	3.3279680580132815
281	103.66380371482069	3.3284414411873384
282	103.65445398950457	3.328912411654344
283	103.64511489034554	3.329380972514897
284	103.63578641081688	3.3298471268695975
285	103.62646854439193	3.3303108778190444
286	103.61716128454397	3.3307722284638372
287	103.6078646247463	3.331231181904576
288	103.59857855847225	3.3316877412418586
289	103.5893030791951	3.3321419095762863
290	103.58003818038817	3.332593690008457
291	103.57078385552475	3.3330430856389706
292	103.56154009807814	3.3334900995684267
293	103.55230690152166	3.3339347348974235
294	103.54308425932861	3.3343769947265622
295	103.5338721649723	3.3348168821564412
296	103.52467061192601	3.33525440028766
297	103.51547959366306	3.335689552220818
298	103.50629910365676	3.336122341056514
299	103.49712913538039	3.3365527698953485
300	103.4879696823073	3.33698084183792
301	103.47882073791074	3.3374065599848284
302	103.46968229566404	3.3378299274366725
303	103.46055434904052	3.338250947294052
304	103.45143689151345	3.3386696226575667
305	103.44232991655615	3.3390859566278155
306	103.43323341764193	3.339499952305398
307	103.42414738824408	3.339911612790913
308	103.41507182183592	3.340320941184961
309	103.40600671189075	3.3407279405881396
310	103.39695205188187	3.34113261410105
311	103.38790783528258	3.3415349648242914
312	103.37887405556619	3.3419349958584617
313	103.369850706206	3.3423327103041616
314	103.36083778067533	3.34272811126199
315	103.35183527244745	3.3431212018325467
316	103.34284317499569	3.34351198511643
317	103.33386148179335	3.343900464214241
318	103.32489018631372	3.344286642226578
319	103.31592928203014	3.34467052225404
320	103.30697876241587	3.345052107397227
321	103.29803862094424	3.345431400756738
322	103.28910885108854	3.345808405433173
323	103.2801894463221	3.346183124527131
324	103.27128040011819	3.346555561139212
325	103.26238170595012	3.346925718370014
326	103.2534933572912	3.347293599320137
327	103.24461534761477	3.347659207090181
328	103.23574767039408	3.348022544780745
329	103.22689031910245	3.348383615492428
330	103.2180432872132	3.34874242232583
331	103.20920656819962	3.3490989683815493
332	103.20038015553502	3.349453256760187
333	103.1915640426927	3.3498052905623408
334	103.18275822314597	3.350155072888611
335	103.17396269036811	3.3505026068395964
336	103.16517743783245	3.350847895515898
337	103.1564024590123	3.3511909420181127
338	103.14763774738094	3.3515317494468415
339	103.13888329641169	3.3518703209026834
340	103.13013909957785	3.3522066594862374
341	103.1214051503527	3.3525407682981037
342	103.11268144220959	3.352872650438881
343	103.10396796862179	3.3532023090091694
344	103.09526472306261	3.3535297471095675
345	103.08657169900536	3.3538549678406744
346	103.07788888992334	3.3541779743030906
347	103.06921628928987	3.3544987695974147
348	103.06055389057823	3.3548173568242468
349	103.05190168726173	3.355133739084185
350	103.04325967281369	3.35544791947783
351	103.0346278407074	3.3557599011057806
352	103.02600618441616	3.356069687068636
353	103.01739469741328	3.356377280466996
354	103.00879337317207	3.3566826844014597
355	103.00020220516582	3.3569859019726267
356	102.99162118686785	3.3572869362810955
357	102.98305031175144	3.3575857904274673
358	102.97448957328992	3.35788246751234
359	102.96593896495658	3.358176970636313
360	102.95739848022473	3.3584693028999864
361	102.94886811256767	3.358759467403959
362	102.9403478554587	3.3590474672488306
363	102.93183770237114	3.3593333055352
364	102.92333764677828	3.359616985363668
365	102.91484768215341	3.3598985098348324
366	102.90636780196986	3.3601778820492925
367	102.89789799970093	3.360455105107649
368	102.88943826881992	3.3607301821105002
369	102.88098860280013	3.361003116158446
370	102.87254899511487	3.361273910352086
371	102.86411943923743	3.3615425677920188
372	102.85569992864113	3.3618090915788446
373	102.84729045679927	3.3620734848131617
374	102.83889101718516	3.362335750595571
375	102.83050160327208	3.3625958920266705
376	102.82212220853336	3.3628539122070604
377	102.8137528264423	3.36310981423734
378	102.8053934504722	3.363363601218108
379	102.79704407409635	3.3636152762499645
380	102.78870469078807	3.3638648424335083
381	102.78037529402064	3.3641123028693394
382	102.77205587726742	3.3643576606580563
383	102.76374643400166	3.36460091890026
384	102.75544695769668	3.3648420806965484
385	102.74715744182578	3.365081149147521
386	102.73887787986227	3.3653181273537784
387	102.73060826527946	3.3655530184159184
388	102.72234859155066	3.365785825434541
389	102.71409885214914	3.3660165515102456
390	102.70585904054823	3.3662451997436325
391	102.69762915022125	3.3664717732352996
392	102.68940917464147	3.3666962750858467
393	102.6811991072822	3.3669187083958736
394	102.67299894161675	3.367139076265979
395	102.66480867111844	3.3673573817967637
396	102.65662828926055	3.3675736280888255
397	102.64845778951639	3.3677878182427645
398	102.64029716535927	3.36799995535918
399	102.6321464102625	3.368210042538671
400	102.62400551769936	3.368418082881838
401	102.61587448114318	3.3686240794892788
402	102.60775329406724	3.368828035461594
403	102.59964194994487	3.369029953899382
404	102.59154044224935	3.3692298379032435
405	102.58344876445399	3.3694276905737772
406	102.5753669100321	3.3696235150115816
407	102.567294872457	3.369817314317258
408	102.55923264520196	3.3700090915914034
409	102.55118022174031	3.370198849934619
410	102.54313759554535	3.3703865924475034
411	102.53510476009036	3.370572322230657
412	102.52708170884867	3.3707560423846776
413	102.51906843529358	3.3709377560101657
414	102.51106493289839	3.3711174662077203
415	102.5030711951364	3.3712951760779406
416	102.49508721548092	3.371470888721426
417	102.48711298740525	3.3716446072387765
418	102.47914850438269	3.371816334730591
419	102.47119375988656	3.371986074297469
420	102.46324874739015	3.3721538290400095
421	102.45531346036677	3.3723196020588126
422	102.44738789228971	3.372483396454477
423	102.4394720366323	3.3726452153276028
424	102.43156588686783	3.3728050617787884
425	102.4236694364696	3.3729629389086337
426	102.41578267891089	3.3731188498177387
427	102.40790560766506	3.373272797606701
428	102.40003821620537	3.3734247853761223
429	102.39218049800516	3.3735748162266
430	102.3843324465377	3.3737228932587353
431	102.37649405527631	3.3738690195731262
432	102.3686653176943	3.374013198270372
433	102.36084622726494	3.3741554324510727
434	102.35303677746158	3.3742957252158274
435	102.3452369617575	3.374434079665236
436	102.337446773626	3.3745704988998972
437	102.3296662065404	3.374704986020411
438	102.32189525397398	3.3748375441273764
439	102.31413390940007	3.374968176321392
440	102.30638216629195	3.375096885703059
441	102.29864001812295	3.3752236753729754
442	102.29090745836636	3.375348548431741
443	102.28318448049548	3.375471507979955
444	102.27547107798362	3.375592557118217
445	102.26776724430408	3.3757116989471267
446	102.26007297293015	3.3758289365672827
447	102.25238825733517	3.375944273079285
448	102.24471309099242	3.376057711583732
449	102.2370474673752	3.3761692551812246
450	102.22939137995684	3.376278906972361
451	102.22174482221061	3.376386670057741
452	102.21410778760983	3.376492547537964
453	102.20648026962782	3.3765965425136293
454	102.19886226173786	3.3766986580853366
455	102.19125375741325	3.3767988973536847
456	102.18365475012732	3.3768972634192735
457	102.17606523335336	3.3769937593827017
458	102.16848520056466	3.3770883883445695
459	102.16091464523454	3.377181153405476
460	102.15335356083631	3.37727205766602
461	102.14580194084326	3.377361104226802
462	102.1382597787287	3.3774482961884202
463	102.13072706796592	3.377533636651475
464	102.12320380202826	3.3776171287165653
465	102.11568997438899	3.37769877548429
466	102.10818557852141	3.3777785800552493
467	102.10069060789885	3.377856545530042
468	102.09320505599462	3.377932675009268
469	102.08572891628198	3.378006971593526
470	102.07826218223428	3.3780794383834163
471	102.0708048473248	3.3781500784795377
472	102.06335690502684	3.3782188949824894
473	102.05591834881372	3.378285890992871
474	102.04848917215874	3.378351069611282
475	102.04106936853519	3.3784144339383215
476	102.0336589314164	3.378475987074589
477	102.02625785427564	3.3785357321206844
478	102.01886613058625	3.3785936721772067
479	102.0114837538215	3.3786498103447546
480	102.00411071745472	3.3787041497239283
481	101.9967470149592	3.378756693415327
482	101.98939263980824	3.37880744451955
483	101.98204758547517	3.3788564061371966
484	101.97471184543326	3.3789035813688666
485	101.96738541315584	3.378948973315159
486	101.96006828211618	3.378992585076673
487	101.95276044578763	3.3790344197540088
488	101.94546189764347	3.3790744804477644
489	101.93817263115702	3.3791127702585406
490	101.93089263980154	3.3791492922869355
491	101.92362191705038	3.3791840496335497
492	101.91636045637682	3.379217045398982
493	101.90910825125418	3.3792482826838315
494	101.90186529515576	3.3792777645886987
495	101.89463158155485	3.379305494214181
496	101.88740710392476	3.37933147466088
497	101.8801918557388	3.379355709029393
498	101.87298583047027	3.379378200420321
499	101.86578902159248	3.379398951934263
500	101.85860142257872	3.379417966671818
501	101.85142302690231	3.3794352477335856
502	101.84425382803654	3.3794507982201645
503	101.83709381945474	3.3794646212321555
504	101.82994299463017	3.3794767198701563
505	101.82280134703618	3.379487097234768
506	101.81566887014601	3.379495756426589
507	101.80854555743305	3.3795027005462184
508	101.80143140237054	3.3795079326942563
509	101.79432639843182	3.3795114559713015
510	101.78723053909016	3.3795132734779543
511	101.7801438178189	3.379513388314813
512	101.77306622809131	3.379511803582477
513	101.76599776338072	3.379508522381547
514	101.75893841716042	3.3795035478126207
515	101.75188818290373	3.379496882976299
516	101.74484705408393	3.3794885309731795
517	101.73781502417434	3.3794784949038634
518	101.73079208664825	3.379466777868949
519	101.723778234979	3.379453382969036
520	101.71677346263984	3.379438313304724
521	101.70977776310411	3.3794215719766116
522	101.70279112984511	3.379403162085299
523	101.69581355633613	3.379383086731385
524	101.6888450360505	3.37936134901547
525	101.68188556246149	3.3793379520381523
526	101.67493512904242	3.3793128989000314
527	101.6679937292666	3.379286192701707
528	101.66106135660733	3.379257836543778
529	101.65413800453791	3.379227833526845
530	101.64722366653166	3.3791961867515057
531	101.64031833606187	3.379162899318361
532	101.63342200660183	3.37912797432801
533	101.62653467162487	3.3790914148810502
534	101.61965632460428	3.3790532240780835
535	101.61278695901336	3.379013405019708
536	101.60592656832544	3.378971960806523
537	101.59907514601379	3.3789288945391287
538	101.59223268555174	3.378884209318124
539	101.58539918041257	3.3788379082441082
540	101.5785746240696	3.3787899944176805
541	101.57175900999613	3.378740470939441
542	101.56495233166547	3.378689340909988
543	101.55815458255091	3.3786366074299217
544	101.55136575612576	3.3785822735998408
545	101.54458584586334	3.378526342520346
546	101.53781484523692	3.378468817292035
547	101.53105274771983	3.3784097010155083
548	101.52429954678537	3.3783489967913654
549	101.51755523590685	3.378286707720205
550	101.51081980855756	3.3782228369026264
551	101.50409325821082	3.3781573874392294
552	101.4973755783399	3.3780903624306133
553	101.49066676241814	3.378021764977378
554	101.48396680391885	3.377951598180122
555	101.47727569631529	3.3778798651394446
556	101.47059343308081	3.377806568955946
557	101.46392000768867	3.377731712730225
558	101.45725541361222	3.3776552995628815
559	101.45059964432473	3.377577332554514
560	101.44395269329952	3.3774978148057233
561	101.43731455400989	3.3774167494171072
562	101.43068521992913	3.3773341394892658
563	101.42406468453058	3.3772499881227986
564	101.4174529412875	3.377164298418305
565	101.41084998367322	3.377077073476384
566	101.40425580516104	3.376988316397635
567	101.39767039922425	3.3768980302826583
568	101.39109375933619	3.3768062182320517
569	101.38452587897012	3.376712883346416
570	101.37796675159939	3.37661802872635
571	101.37141637069726	3.376521657472453
572	101.36487472973705	3.3764237726853246
573	101.35834182219209	3.3763243774655636
574	101.35181764153563	3.37622347491377
575	101.34530218124102	3.376121068130543
576	101.33879543478156	3.3760171602164823
577	101.33229739563052	3.3759117542721864
578	101.32580805726124	3.3758048533982556
579	101.31932741314701	3.3756964606952895
580	101.31285545676113	3.375586579263886
581	101.30639218157691	3.375475212204646
582	101.29993758106764	3.3753623626181675
583	101.29349164870665	3.3752480336050517
584	101.28705437796722	3.375132228265896
585	101.28062576232267	3.3750149497013013
586	101.2742057952463	3.3748962010118664
587	101.2677944702114	3.3747759852981902
588	101.2613917806913	3.374654305660873
589	101.25499772015928	3.3745311652005134
590	101.24861228208866	3.3744065670177115
591	101.24223545995274	3.3742805142130656
592	101.23586724722482	3.374153009887176
593	101.22950763737819	3.3740240571406424
594	101.22315662388618	3.3738936590740627
595	101.21681420022209	3.3737618187880383
596	101.21048035985922	3.3736285393831666
597	101.20415509627085	3.3734938239600485
598	101.19783840293032	3.3733576756192822
599	101.19153027331092	3.3732200974614677
600	101.18523070088595	3.3730810925872046
601	101.17893967912872	3.3729406640970914
602	101.17265720151252	3.3727988150917287
603	101.16638326151067	3.3726555486717147
604	101.16011785259647	3.37251086793765
605	101.15386096824324	3.3723647759901327
606	101.14761260192424	3.3722172759297626
607	101.1413727471128	3.37206837085714
608	101.13514139728223	3.371918063872863
609	101.12891854590583	3.3717663580775317
610	101.12270418645691	3.371613256571745
611	101.11649831240877	3.371458762456103
612	101.1103009172347	3.3713028788312047
613	101.10411199440802	3.371145608797649
614	101.09793153740202	3.370986955456036
615	101.09175953969	3.370826921906964
616	101.0855959947453	3.370665511251034
617	101.07944089604119	3.3705027265888443
618	101.07329423705099	3.3703385710209948
619	101.06715601124799	3.3701730476480845
620	101.0610262121055	3.3700061595707127
621	101.05490483309684	3.3698379098894793
622	101.04879186769529	3.3696683017049827
623	101.04268730937416	3.3694973381178235
624	101.03659115160677	3.3693250222286
625	101.0305033878664	3.3691513571379126
626	101.02442401162637	3.36897634594636
627	101.01835301635997	3.3687999917545417
628	101.01229039554052	3.368622297663057
629	101.00623614264131	3.3684432667725055
630	101.00019025113566	3.3682629021834867
631	100.99415271449686	3.368081206996599
632	100.98812352619822	3.3678981843124434
633	100.98210267971305	3.3677138372316184
634	100.97609016851465	3.3675281688547227
635	100.97008598607631	3.367341182282357
636	100.96409012587135	3.3671528806151194
637	100.95810258137307	3.3669632669536105
638	100.95212334605476	3.3667723443984285
639	100.94615241338975	3.3665801160501743
640	100.94018977685133	3.366386585009446
641	100.9342354299128	3.366191754376843
642	100.92828936604747	3.3659956272529654
643	100.92235157872865	3.365798206738412
644	100.91642206142963	3.3655994959337825
645	100.91050080762372	3.365399497939676
646	100.90458781078422	3.3651982158566924
647	100.89868306438444	3.3649956527854306
648	100.89278656189767	3.36479181182649
649	100.88689829679724	3.36458669608047
650	100.88101826255644	3.36438030864797
651	100.87514645264856	3.3641726526295894
652	100.86928286054693	3.3639637311259283
653	100.86342747972485	3.3637535472375846
654	100.85758030365561	3.363542104065159
655	100.85174132581251	3.36332940470925
656	100.84591053966888	3.3631154522704576
657	100.84008793869799	3.3629002498493805
658	100.83427351637317	3.3626838005466193
659	100.82846726616772	3.362466107462772
660	100.82266918155494	3.3622471736984383
661	100.81687925600812	3.3620270023542185
662	100.8110974830006	3.3618055965307105
663	100.80532385600564	3.3615829593285156
664	100.79955836849658	3.361359093848231
665	100.79380101394669	3.361134003190458
666	100.78805178582931	3.360907690455795
667	100.78231067761772	3.3606801587448407
668	100.77657768278522	3.3604514111581962
669	100.77085279480514	3.3602214507964594
670	100.76513600715076	3.3599902807602304
671	100.75942731329539	3.359757904150108
672	100.75372670671236	3.359524324066693
673	100.74803418087492	3.3592895436105836
674	100.74234972925643	3.3590535658823786
675	100.73667334533016	3.358816393982679
676	100.73100502256942	3.3585780310120827
677	100.7253447544475	3.35833848007119
678	100.71969253443775	3.3580977442605997
679	100.71404835601344	3.357855826680912
680	100.70841221264786	3.3576127304327255
681	100.70278409781434	3.3573684586166395
682	100.69716400498618	3.357123014333254
683	100.69155192763668	3.356876400683168
684	100.68594785923914	3.356628620766981
685	100.68035179326687	3.3563796776852923
686	100.67476372319317	3.3561295745387016
687	100.66918364249135	3.355878314427808
688	100.66361154463469	3.35562590045321
689	100.65804742309652	3.3553723357155087
690	100.65249127135016	3.3551176233153024
691	100.64694308286887	3.3548617663531908
692	100.64140285112599	3.3546047679297732
693	100.6358705695948	3.3543466311456487
694	100.63034623174862	3.3540873591014178
695	100.62482983106075	3.353826954897678
696	100.61932136100448	3.35356542163503
697	100.61382081505313	3.353302762414073
698	100.60832818668	3.3530389803354064
699	100.60284346935839	3.3527740784996296
700	100.59736665656162	3.352508060007341
701	100.59189774176296	3.3522409279591416
702	100.58643671843575	3.3519726854556295
703	100.58098358005327	3.351703335597405
704	100.57553832008884	3.3514328814850667
705	100.57010093201576	3.351161326219215
706	100.56467140930732	3.350888672900448
707	100.55924974543684	3.3506149246293657
708	100.55383593387761	3.3503400845065676
709	100.54842996810295	3.3500641556326527
710	100.54303184158616	3.349787141108221
711	100.53764154780053	3.349509044033871
712	100.53225908021938	3.349229867510203
713	100.52688443231601	3.3489496146378164
714	100.52151759756372	3.348668288517309
715	100.51615856943582	3.3483858922492824
716	100.51080734140561	3.348102428934334
717	100.50546390694639	3.3478179016730647
718	100.50012825953146	3.347532313566073
719	100.49480039263415	3.347245667713959
720	100.48948029972773	3.346957967217321
721	100.48416797428553	3.346669215176759
722	100.47886340978084	3.3463794146928727
723	100.47356659968696	3.3460885688662607
724	100.46827753747722	3.3457966807975237
725	100.46299621662489	3.345503753587259
726	100.45772263060329	3.3452097903360687
727	100.45245677288572	3.34491479414455
728	100.44719863694549	3.3446187681133024
729	100.44194821625591	3.3443217153429265
730	100.43670550429027	3.3440236389340203
731	100.43147049452188	3.343724541987185
732	100.42624318042404	3.3434244276030176
733	100.42102355547006	3.34312329888212
734	100.41581161313324	3.3428211589250894
735	100.41060734688689	3.342518010832526
736	100.40541075020431	3.34221385770503
737	100.4002218165588	3.3419087026431997
738	100.39504053942366	3.341602548747635
739	100.3898669122722	3.341295399118935
740	100.38470092857773	3.3409872568576993
741	100.37954258181355	3.340678125064527
742	100.37439186545296	3.3403680068400177
743	100.36924877296927	3.340056905284771
744	100.36411329783577	3.3397448234993856
745	100.35898543352579	3.339431764584462
746	100.3538651735126	3.339117731640598
747	100.34875251126954	3.3388027277683943
748	100.34364744026989	3.33848675606845
749	100.33854995398694	3.338169819641364
750	100.33346004589403	3.337851921587736
751	100.32837770946446	3.3375330650081656
752	100.32330293817151	3.337213253003252
753	100.31823572548849	3.3368924886735942
754	100.31317606488872	3.336570775119792
755	100.3081239498455	3.3362481154424453
756	100.3030793738321	3.3359245127421517
757	100.29804233032188	3.335599970119513
758	100.2930128127881	3.3352744906751264
759	100.28799081470409	3.3349480775095928
760	100.28297632954315	3.334620733723511
761	100.27796935077856	3.33429246241748
762	100.27296987188365	3.3339632666920997
763	100.2679778863317	3.333633149647969
764	100.26299338759605	3.3333021143856882
765	100.25801636914997	3.3329701640058556
766	100.2530468244668	3.332637301609071
767	100.24808474701979	3.3323035302959347
768	100.2431301302823	3.3319688531670444
769	100.23818296772757	3.3316332733230007
770	100.23324325282897	3.331296793864402
771	100.22831097905978	3.330959417891849
772	100.2233861398933	3.33062114850594
773	100.21846872880283	3.3302819888072746
774	100.21355873926167	3.3299419418964527
775	100.20865616474315	3.329601010874073
776	100.20376099872055	3.3292591988407354
777	100.19887323466718	3.3289165088970383
778	100.19399286605635	3.3285729441435827
779	100.18911988636134	3.328228507680967
780	100.18425428905549	3.32788320260979
781	100.17939606761207	3.3275370320306523
782	100.17454521550442	3.3271899990441525
783	100.16970172620582	3.3268421067508904
784	100.16486559318956	3.326493358251465
785	100.16003680992898	3.326143756646476
786	100.15521536989736	3.325793305036523
787	100.15040126656801	3.325442006522205
788	100.14559449341424	3.325089864204121
789	100.14079504390932	3.3247368811828704
790	100.1360029115266	3.324383060559054
791	100.13121808973938	3.3240284054332694
792	100.12644057202094	3.3236729189061167
793	100.12167035184459	3.323316604078196
794	100.11690742268364	3.3229594640501054
795	100.11215177801138	3.322601501922445
796	100.10740341130114	3.322242720795814
797	100.1026623160262	3.321883123770812
798	100.09792848565988	3.321522713948038
799	100.09320191367547	3.321161494428092
800	100.08848259354629	3.3207994683115727
801	100.08377051874564	3.3204366386990793
802	100.0790656827468	3.320073008691212
803	100.0743680790231	3.3197085813885696
804	100.06967770104785	3.3193433598917523
805	100.06499454229433	3.318977347301358
806	100.06031859623585	3.318610546717988
807	100.05564985634572	3.31824296124224
808	100.05098831609725	3.3178745939747136
809	100.04633396896372	3.3175054480160093
810	100.04168680841846	3.3171355264667253
811	100.03704682793477	3.3167648324274617
812	100.03241402098594	3.3163933689988174
813	100.0277883810453	3.3160211392813923
814	100.02316990158612	3.315648146375785
815	100.01855857608172	3.315274393382596
816	100.01395439800541	3.3148998834024237
817	100.00935736083048	3.3145246195358675
818	100.00476745803026	3.3141486048835276
819	100.00018468307802	3.3137718425460023
820	99.99560902944708	3.313394335623892
821	99.99104049061074	3.313016087217796
822	99.98647906004233	3.3126371004283124
823	99.9819247312151	3.3122573783560423
824	99.97737749760242	3.3118769241015835
825	99.97283735267753	3.3114957407655368
826	99.96830428991377	3.311113831448501
827	99.96377830278445	3.310731199251075
828	99.95925938476286	3.3103478472738583
829	99.95474752932228	3.3099637786174507
830	99.95024272993606	3.3095789963824522
831	99.94574498007748	3.3091935036694604
832	99.94125427321985	3.3088073035790764
833	99.93677060283648	3.308420399211899
834	99.93229396240065	3.3080327936685268
835	99.92782434538569	3.3076444900495607
836	99.92336174526488	3.307255491455598
837	99.91890615551154	3.3068658009872403
838	99.91445756959898	3.306475421745086
839	99.91001598100048	3.306084356829734
840	99.90558138318937	3.3056926093417847
841	99.90115376963894	3.305300182381836
842	99.89673313382251	3.304907079050489
843	99.89231946921335	3.3045133024483415
844	99.8879127692848	3.3041188556759944
845	99.88351302751013	3.303723741834046
846	99.87912023736267	3.3033279640230964
847	99.87473439231573	3.302931525343744
848	99.87035548584258	3.302534428896589
849	99.86598351141654	3.302136677782231
850	99.86161846251093	3.3017382751012683
851	99.85726033259904	3.3013392239543013
852	99.85290911515419	3.3009395274419284
853	99.84856480364965	3.30053918866475
854	99.84422739155876	3.3001382107233654
855	99.8398968723548	3.299736596718373
856	99.83557323951108	3.2993343497503735
857	99.8312564865009	3.298931472919965
858	99.82694660679758	3.298527969327748
859	99.82264359387442	3.2981238420743204
860	99.81834744120471	3.2977190942602834
861	99.81405814226176	3.2973137289862353
862	99.80977569051886	3.2969077493527754
863	99.80550007944936	3.296501158460504
864	99.8012313025265	3.296093959410019
865	99.79696935322364	3.2956861553019214
866	99.79271422501407	3.295277749236809
867	99.78846591137106	3.2948687443152824
868	99.78422440576794	3.294459143637941
869	99.77998970167803	3.294048950305383
870	99.7757617925746	3.293638167418209
871	99.77154067193098	3.2932267980770176
872	99.76732633322047	3.292814845382409
873	99.76311876991636	3.2924023124349815
874	99.75891797549197	3.291989202335335
875	99.75472394342059	3.2915755181840693
876	99.75053666717552	3.2911612630817833
877	99.74635614023009	3.2907464401290762
878	99.7421823560576	3.2903310524265477
879	99.73801530813132	3.2899151030747973
880	99.7338549899246	3.2894985951744244
881	99.72970139491069	3.289081531826028
882	99.72555451656294	3.288663916130208
883	99.72141434835464	3.2882457511875627
884	99.71728088375909	3.287827040098693
885	99.7131541162496	3.287407785964197
886	99.70903403929945	3.2869879918846743
887	99.70492064638199	3.2865676609607255
888	99.70081393097048	3.286146796292948
889	99.69671388653825	3.285725400981943
890	99.69262050655858	3.2853034781283084
891	99.68853378450481	3.2848810308326453
892	99.68445371385022	3.284458062195551
893	99.68038028806811	3.2840345753176265
894	99.67631350063179	3.283610573299471
895	99.67225334501458	3.283186059241683
896	99.66819981468976	3.282761036244863
897	99.66415290313064	3.2823355074096083
898	99.66011260381053	3.281909475836521
899	99.65607891020274	3.281482944626199
900	99.65205181578055	3.2810559168792417
901	99.64803131401729	3.2806283956962488
902	99.64401739838625	3.2802003841778196
903	99.64001006236073	3.2797718854245534
904	99.63600929941406	3.2793429025370493
905	99.63201510301951	3.2789134386159073
906	99.6280274666504	3.2784834967617265
907	99.62404638378003	3.2780530800751064
908	99.62007184788172	3.277622191656646
909	99.61610385242874	3.277190834606945
910	99.61214239089442	3.2767590120266026
911	99.60818745675206	3.276326727016218
912	99.60423904347496	3.2758939826763913
913	99.60029714453644	3.2754607821077215
914	99.59636175340978	3.2750271284108075
915	99.59243286356829	3.27459302468625
916	99.58851046848528	3.274158474034646
917	99.58459456163406	3.2737234795565975
918	99.58068513648793	3.273288044352702
919	99.57678218652018	3.27285217152356
920	99.57288570520413	3.272415864169771
921	99.56899568601307	3.271979125391933
922	99.56511212242032	3.2715419582906464
923	99.56123500789917	3.27110436596651
924	99.55736433592293	3.270666351520125
925	99.55350009996491	3.270227918052088
926	99.5496422934984	3.2697890686630005
927	99.54579090999671	3.2693498064534614
928	99.54194594293315	3.2689101345240688
929	99.53810738578102	3.268470055975424
930	99.53427523201361	3.268029573908125
931	99.53044947510425	3.267588691422772
932	99.52663010852623	3.2671474116199635
933	99.52281712575285	3.2667057376003
934	99.51901052025744	3.26626367246438
935	99.51521028551326	3.2658212193128033
936	99.51141641499365	3.265378381246169
937	99.50762890217189	3.2649351613650768
938	99.5038477405213	3.264491562770126
939	99.50007292351518	3.2640475885619153
940	99.49630444462683	3.263603241841045
941	99.49254229732956	3.2631585257081146
942	99.48878647509667	3.2627134432637224
943	99.48503697140146	3.262267997608469
944	99.48129377971725	3.2618221918429526
945	99.47755689351732	3.261376029067774
946	99.47382630627499	3.2609295123835307
947	99.47010201146357	3.260482644890824
948	99.46638400255634	3.260035429690252
949	99.46267227302663	3.2595878698824143
950	99.4589668163477	3.2591399685679106
951	99.45526762599292	3.25869172884734
952	99.45157469543554	3.2582431538213026
953	99.4478880181489	3.2577942465903966
954	99.44420758760629	3.257345010255223
955	99.440533397281	3.256895447916379
956	99.43686544064636	3.2564455626744655
957	99.43320371117564	3.255995357630082
958	99.42954820234218	3.2555448358838266
959	99.42589890761926	3.2550940005363
960	99.42225582048019	3.254642854688101
961	99.41861893439828	3.2541914014398285
962	99.41498824284683	3.253739643892083
963	99.41136373929913	3.253287585145463
964	99.40774541722851	3.252835228300569
965	99.40413327010828	3.2523825764579986
966	99.40052729141169	3.2519296327183524
967	99.3969274746121	3.25147640018223
968	99.39333381318278	3.2510228819502296
969	99.38974630059705	3.2505690811229515
970	99.38616493032822	3.250115000800995
971	99.38258969584957	3.249660644084959
972	99.37902059063443	3.249206014075443
973	99.3754576081561	3.2487511138730474
974	99.37190074188786	3.2482959465783705
975	99.36834998530304	3.2478405152920113
976	99.36480533187493	3.247384823114571
977	99.36126677507684	3.246928873146647
978	99.35773430838208	3.2464726684888396
979	99.35420792526394	3.246016212241748
980	99.35068761919572	3.245559507505972
981	99.34717338365076	3.2451025573821104
982	99.34366521210232	3.2446453649707627
983	99.34016309802372	3.2441879333725288
984	99.33666703488828	3.243730265688007
985	99.33317701616927	3.243272365017798
986	99.32969303534003	3.2428142344624997
987	99.32621508587386	3.2423558771227134
988	99.32274316124402	3.2418972960990367
989	99.31927725492386	3.241438494492069
990	99.31581736038667	3.240979475402412
991	99.31236347110574	3.2405202419306622
992	99.30891558055441	3.2400607971774207
993	99.30547368220596	3.2396011442432857
994	99.30203776953368	3.239141286228858
995	99.2986078360109	3.238681226234736
996	99.29518387511091	3.2382209673615194
997	99.29176588030703	3.2377605127098072
998	99.28835384507254	3.237299865380199
999	99.28494776288075	3.236839028473295
1000	99.28154762720497	3.236378005089693
1001	99.27815343151852	3.235916798329994
1002	99.27476516929467	3.235455411294796
1003	99.27138283400674	3.234993847084699
1004	99.26800641912804	3.2345321088003027
1005	99.26463591813187	3.2340701995422054
1006	99.26127132449153	3.2336081224110083
1007	99.25791263168034	3.2331458805073092
1008	99.25455983317158	3.2326834769317077
1009	99.25121292243855	3.232220914784804
1010	99.24787189295459	3.231758197167196
1011	99.24453673819296	3.2312953271794846
1012	99.241207451627	3.230832307922269
1013	99.23788402673001	3.2303691424961474
1014	99.23456645697527	3.2299058340017206
1015	99.23125473583612	3.2294423855395866
1016	99.22794885678582	3.228978800210346
1017	99.2246488132977	3.2285150811145975
1018	99.22135459884507	3.228051231352941
1019	99.21806620690121	3.2275872540259747
1020	99.21478363093945	3.2271231522342996
1021	99.21150686443308	3.2266589290785146
1022	99.2082359008554	3.2261945876592177
1023	99.20497073367972	3.2257301310770106
1024	99.20171135637935	3.22526556243249
1025	99.19845776242758	3.2248008848262577
1026	99.19520994529773	3.224336101358912
1027	99.19196789846309	3.223871215131052
1028	99.18873161539696	3.223406229243278
1029	99.18550108957267	3.2229411467961886
1030	99.18227631446351	3.2224759708903834
1031	99.17905728354275	3.2220107046264617
1032	99.17584399028375	3.221545351105023
1033	99.17263642815979	3.2210799134266663
1034	99.16943459064417	3.220614394691992
1035	99.16623847121019	3.2201487980015986
1036	99.16304806333117	3.2196831264560855
1037	99.1598633604804	3.2192173831560527
1038	99.1566843561312	3.218751571202098
1039	99.15351104375685	3.218285693694823
1040	99.15034341683068	3.217819753734826
1041	99.14718146882596	3.2173537544227058
1042	99.14402519321604	3.2168876988590633
1043	99.14087458347419	3.216421590144496
1044	99.1377296330737	3.2159554313796046
1045	99.13459033548793	3.215489225664988
1046	99.13145668419013	3.215022976101246
1047	99.12832867265362	3.2145566857889776
1048	99.12520629435173	3.214090357828782
1049	99.12208954275772	3.213623995321259
1050	99.11897841134493	3.213157601367007
1051	99.11587289358663	3.2126911790666273
1052	99.11277298295616	3.2122247315207173
1053	99.1096786729268	3.2117582618298783
1054	99.10658995697187	3.211291773094708
1055	99.10350682856468	3.210825268415806
1056	99.1004292811785	3.2103587508937728
1057	99.09735730828666	3.2098922236292062
1058	99.09429090336246	3.2094256897227074
1059	99.0912300598792	3.208959152274874
1060	99.08817477131018	3.208492614386307
1061	99.08512503112871	3.2080260791576043
1062	99.0820808328081	3.2075595496893663
1063	99.07904216982165	3.2070930290821917
1064	99.07600903564266	3.2066265204366804
1065	99.07298142374442	3.206160026853432
1066	99.06995932760026	3.2056935514330447
1067	99.06694274068347	3.2052270972761194
1068	99.06393165646736	3.2047606674832543
1069	99.06092606842525	3.204294265155049
1070	99.0579259700304	3.2038278933921034
1071	99.05493135475612	3.2033615552950163
1072	99.05194221607577	3.202895253964388
1073	99.0489585474626	3.202428992500817
1074	99.04598034238994	3.2019627740049024
1075	99.04300759433107	3.2014966015772446
1076	99.04004029675933	3.201030478318442
1077	99.03707844314799	3.200564407329095
1078	99.03412202697037	3.2000983917098016
1079	99.03117104169976	3.199632434561163
1080	99.02822548080948	3.1991665389837767
1081	99.02528533777284	3.1987007080782437
1082	99.02235060606313	3.1982349449451624
1083	99.01942127915365	3.197769252685132
1084	99.01649735051771	3.197303634398753
1085	99.01357881362861	3.1968380931866234
1086	99.01066566195966	3.1963726321493438
1087	99.00775788898416	3.1959072543875124
1088	99.00485548817542	3.1954419630017297
1089	99.00195845300675	3.1949767610925948
1090	98.99906677695142	3.194511651760706
1091	98.99618045348278	3.194046638106664
1092	98.99329947607409	3.193581723231068
1093	98.9904238381987	3.1931169102345174
1094	98.98755353332986	3.192652202217611
1095	98.98468855494093	3.1921876022809483
1096	98.98182889650518	3.191723113525129
1097	98.97897455149591	3.1912587390507516
1098	98.97612551338645	3.190794481958417
1099	98.9732817756501	3.1903303453487233
1100	98.97044333176012	3.189866332322271
1101	98.96761017518988	3.189402445979659
1102	98.96478229941263	3.1889386894214855
1103	98.9619596979017	3.1884750657483516
1104	98.95914236413039	3.1880115780608556
1105	98.956330291572	3.1875482294595976
1106	98.95352347369985	3.1870850230451766
1107	98.95072190398722	3.186621961918192
1108	98.94792557590742	3.1861590491792433
1109	98.94513448293377	3.1856962879289297
1110	98.94234861853955	3.185233681267851
1111	98.93956797619808	3.184771232296605
1112	98.93679254938266	3.1843089441157937
1113	98.9340223315666	3.183846819826014
1114	98.93125731622318	3.1833848625278676
1115	98.92849749682574	3.182923075321952
1116	98.92574286684757	3.182461461308867
1117	98.92299341976197	3.1820000235892127
1118	98.92024914904223	3.1815387652635874
1119	98.91751004816169	3.1810776894325916
1120	98.9147761105936	3.180616799196824
1121	98.91204732981133	3.180156097656884
1122	98.90932369928814	3.1796955879133715
1123	98.90660521249734	3.1792352730668854
1124	98.90389186291223	3.1787751562180246
1125	98.90118364400612	3.178315240467389
1126	98.89848054925233	3.177855528915579
1127	98.89578257212415	3.1773960246631923
1128	98.89308970609487	3.1769367308108296
1129	98.89040194463782	3.1764776504590895
1130	98.88771928122628	3.1760187867085707
1131	98.88504170933358	3.1755601426598745
1132	98.88236922243298	3.1751017214135984
1133	98.87970181399784	3.174643526070343
1134	98.87703947750143	3.174185559730707
1135	98.87438220641707	3.1737278254952903
1136	98.87172999421804	3.173270326464692
1137	98.86908283437766	3.1728130657395113
1138	98.86644072036924	3.172356046420348
1139	98.86380364566608	3.1718992716078014
1140	98.86117160374148	3.1714427444024706
1141	98.85854458806874	3.170986467904955
1142	98.85592259212117	3.1705304452158543
1143	98.85330560937207	3.1700746794357677
1144	98.85069363329475	3.1696191736652937
1145	98.84808665736251	3.1691639310050337
1146	98.84548467504865	3.1687089545555853
1147	98.84288767982649	3.168254247417549
1148	98.84029566516932	3.1677998126915234
1149	98.83770862455044	3.1673456534781077
1150	98.83512655144315	3.1668917728779022
1151	98.83254943932079	3.1664381739915055
1152	98.82997728165661	3.1659848599195177
1153	98.82741007192395	3.1655318337625373
1154	98.82484780359611	3.165079098621165
1155	98.8222904701464	3.1646266575959987
1156	98.8197380650481	3.1641745137876387
1157	98.81719058177454	3.163722670296684
1158	98.814648013799	3.1632711302237335
1159	98.81211035459481	3.162819896669388
1160	98.80957759763524	3.162368972734245
1161	98.80704973639362	3.161918361518906
1162	98.80452676434327	3.1614680661239687
1163	98.80200867495745	3.161018089650033
1164	98.79949546170948	3.160568435197699
1165	98.79698711807268	3.1601191058675644
1166	98.79448363752034	3.1596701047602305
1167	98.79198501352577	3.1592214349762955
1168	98.78949123956227	3.1587730996163588
1169	98.78700230910314	3.1583251017810205
1170	98.7845182156217	3.1578774445708793
1171	98.78203895259124	3.1574301310865347
1172	98.77956451348504	3.156983164428586
1173	98.77709489177646	3.1565365476976335
1174	98.77463008093876	3.156090283994275
1175	98.77217007444527	3.155644376419111
1176	98.76971486576929	3.155198828072741
1177	98.76726444838411	3.154753642055763
1178	98.76481881576304	3.1543088214687787
1179	98.76237796137937	3.153864369412385
1180	98.75994187870644	3.1534202889871827
1181	98.75751056121752	3.1529765832937713
1182	98.75508400238593	3.1525332554327496
1183	98.75266219568496	3.152090308504717
1184	98.75024513458794	3.1516477456102736
1185	98.74783281256816	3.1512055698500174
1186	98.7454252230989	3.150763784324549
1187	98.74302235965351	3.150322392134467
1188	98.74062421570525	3.149881396380372
1189	98.73823078472746	3.1494408001628615
1190	98.73584206019342	3.1490006065825367
1191	98.73345803557645	3.148560818739995
1192	98.73107870434983	3.1481214397358386
1193	98.72870405998688	3.1476824726706645
1194	98.72633409596092	3.1472439206450726
1195	98.72396880574523	3.1468057867596633
1196	98.72160818281311	3.146368074115034
1197	98.7192522206379	3.145930785811786
1198	98.71690091269286	3.145493924950518
1199	98.71455425245132	3.145057494631829
1200	98.71221223338658	3.1446214979563187
1201	98.70987484897194	3.1441859380245867
1202	98.7075420926807	3.143750817937232
1203	98.70521395798617	3.1433161407948544
1204	98.70289043836166	3.142881909698053
1205	98.70057152728046	3.1424481277474268
1206	98.69825721821589	3.142014798043576
1207	98.69594750464124	3.141581923687099
1208	98.69364238002981	3.1411495077785965
1209	98.69134183785492	3.140717553418667
1210	98.68904587158987	3.140286063707909
1211	98.68675447470795	3.139855041746924
1212	98.68446764068248	3.13942449063631
1213	98.68218536298676	3.138994413476666
1214	98.67990763509408	3.1385648133685926
1215	98.67763445047777	3.1381356934126887
1216	98.67536580261113	3.1377070567095533
1217	98.67310168496743	3.137278906359786
1218	98.67084209102002	3.1368512454639865
1219	98.66858701424216	3.1364240771227534
1220	98.6663364481072	3.1359974044366874
1221	98.6640903860884	3.135571230506386
1222	98.6618488216591	3.1351455584324506
1223	98.65961174829258	3.1347203913154793
1224	98.65737915946215	3.1342957322560716
1225	98.65515104864113	3.1338715843548277
1226	98.65292740930279	3.1334479507123456
1227	98.65070823492046	3.1330248344292255
1228	98.64849351896744	3.1326022386060677
1229	98.64628325491704	3.132180166343469
1230	98.64407743624254	3.131758620742032
1231	98.64187605641727	3.1313376049023534
1232	98.63967910891452	3.1309171219250342
1233	98.63748658720758	3.1304971749106727
1234	98.63529848476979	3.1300777669598694
1235	98.63311479507443	3.1296589011732228
1236	98.63093551159481	3.129240580651332
1237	98.62876062780424	3.128822808494798
1238	98.62659013717601	3.128405587804218
1239	98.62442403318343	3.1279889216801937
1240	98.62226230929981	3.1275728132233223
1241	98.62010495899845	3.127157265534205
1242	98.61795197575265	3.12674228171344
1243	98.61580335303572	3.1263278648616266
1244	98.61365908432096	3.125914018079365
1245	98.61151916308167	3.125500744467254
1246	98.60938358279115	3.125088047125893
1247	98.60725233692273	3.1246759291558814
1248	98.60512541894968	3.1242643936578194
1249	98.60300282234533	3.1238534437323056
1250	98.60088454058298	3.1234430824799393
1251	98.59877056713593	3.12303331300132
1252	98.59666089547747	3.122624138397047
1253	98.5945555190809	3.12221556176772
1254	98.59245443141957	3.1218075862139374
1255	98.59035762596673	3.1214002148363003
1256	98.58826509619573	3.120993450735407
1257	98.58617683557985	3.1205872970118564
1258	98.58409283759238	3.1201817567662493
1259	98.58201309570666	3.119776833099184
1260	98.57993760339596	3.1193725291112604
1261	98.57786635413359	3.1189688479030773
1262	98.57579934139288	3.1185657925752346
1263	98.57373655864711	3.1181633662283312
1264	98.57167799936958	3.1177615719629674
1265	98.56962365703362	3.1173604128797416
1266	98.56757352511251	3.116959892079253
1267	98.56552759707955	3.1165600126621023
1268	98.56348586640807	3.1161607777288873
1269	98.56144832657135	3.115762190380209
1270	98.55941497104271	3.115364253716666
1271	98.55738579329544	3.1149669708388568
1272	98.55536078680285	3.1145703448473823
1273	98.55333994503825	3.114174378842841
1274	98.55132326147493	3.1137790759258324
1275	98.54931072958621	3.1133844391969565
1276	98.54730234284538	3.1129904717568113
1277	98.54529809472577	3.1125971767059974
1278	98.54329797870065	3.112204557145114
1279	98.54130198824335	3.1118126161747597
1280	98.53931011682715	3.1114213568955345
1281	98.53732235792536	3.1110307824080383
1282	98.53533870501131	3.1106408958128693
1283	98.53335915155827	3.110251700210628
1284	98.53138369103957	3.1098631987019134
1285	98.5294123169285	3.109475394387324
1286	98.52744502269836	3.1090882903674606
1287	98.52548180182245	3.1087018897429215
1288	98.5235226477741	3.108316195614307
1289	98.5215675540266	3.1079312110822155
1290	98.51961651405324	3.1075469392472463
1291	98.51766952132735	3.1071633832100005
1292	98.51572656932221	3.1067805460710756
1293	98.51378765151112	3.1063984309310717
1294	98.51185276136741	3.106017040890588
1295	98.50992189236437	3.1056363790502246
1296	98.50799503797532	3.10525644851058
1297	98.50607219167354	3.1048772523722543
1298	98.50415334693234	3.104498793735846
1299	98.50223849722502	3.1041210757019546
1300	98.5003276360249	3.103744101371181
1301	98.49842075680529	3.1033678738441224
1302	98.49651785303946	3.1029923962213797
1303	98.49461891820074	3.102617671603552
1304	98.49272394576244	3.1022437030912373
1305	98.49083292919782	3.101870493785037
1306	98.48894586198024	3.1014980467855495
1307	98.48706273758297	3.1011263651933745
1308	98.48518354947933	3.1007554521091105
1309	98.4833082911426	3.1003853106333583
1310	98.48143695604611	3.1000159438667163
1311	98.47956953766317	3.0996473549097843
1312	98.47770602946704	3.099279546863161
1313	98.47584642493108	3.0989125228274466
1314	98.47399071752854	3.0985462859032404
1315	98.47213890073276	3.0981808391911407
1316	98.47029096801704	3.0978161857917486
1317	98.46844691285467	3.0974523288056623
1318	98.46660672871897	3.097089271333481
1319	98.46477040908324	3.096727016475805
1320	98.46293794742077	3.096365567333233
1321	98.46110933720487	3.0960049270063648
1322	98.45928457190887	3.0956450985958
1323	98.45746364500604	3.0952860852021367
1324	98.45564654996969	3.0949278899259753
1325	98.45383328027314	3.0945705158679155
1326	98.45202382938967	3.0942139661285557
1327	98.45021819079261	3.0938582438084956
1328	98.44841635795525	3.093503352008336
1329	98.4466183243509	3.0931492938286738
1330	98.44482408345286	3.09279607237011
1331	98.44303362873441	3.0924436907332438
1332	98.4412469536689	3.0920921520186737
1333	98.4394640517296	3.0917414593270007
1334	98.43768491638983	3.0913916157588224
1335	98.43590954112288	3.0910426244147393
1336	98.43413791940208	3.0906944883953513
1337	98.4323700447007	3.0903472108012555
1338	98.43060591049208	3.090000794733054
1339	98.42884551024949	3.089655243291344
1340	98.42708883744626	3.0893105595767265
1341	98.42533588555568	3.0889667466897994
1342	98.42358664805106	3.0886238077311643
1343	98.42184111840568	3.0882817458014182
1344	98.42009929009289	3.087940564001161
1345	98.41836115658596	3.0876002654309933
1346	98.41662671135819	3.087260853191513
1347	98.41489594788291	3.086922330383321
1348	98.41316885963342	3.086584700107015
1349	98.411445440083	3.086247965463196
1350	98.40972568270496	3.085912129552462
1351	98.40800958097263	3.085577195475413
1352	98.40629712835928	3.0852431663326487
1353	98.40458831833826	3.0849100452247677
1354	98.4028831443828	3.0845778352523703
1355	98.40118159996626	3.084246539516055
1356	98.39948367856195	3.083916161116422
1357	98.39778937364315	3.0835867031540705
1358	98.39609867868317	3.0832581687295986
1359	98.39441158715532	3.0829305609436077
1360	98.39272809253289	3.0826038828966955
1361	98.39104818828919	3.0822781376894626
1362	98.38937186789752	3.0819533284225082
1363	98.38769912483122	3.0816294581964305
1364	98.38602995256353	3.0813065301118296
1365	98.3843643445678	3.0809845472693054
1366	98.38270229431733	3.080663512769457
1367	98.3810437952854	3.080343429712883
1368	98.37938884094532	3.0800243012001842
1369	98.37773742477043	3.0797061303319597
1370	98.37608954023399	3.079388920208807
1371	98.37444518080933	3.0790726739313277
1372	98.37280433996975	3.07875739460012
1373	98.37116701118853	3.078443085315784
1374	98.369533187939	3.078129749178918
1375	98.36790286369445	3.077817389290123
1376	98.36627603192821	3.0775060087499972
1377	98.36465268611354	3.07719561065914
1378	98.3630328197238	3.0768861981181512
1379	98.36141642623224	3.07657777422763
1380	98.35980349911219	3.0762703420881756
1381	98.35819403183696	3.0759639048003877
1382	98.35658801787983	3.0756584654648655
1383	98.35498545071414	3.0753540271822084
1384	98.35338632381315	3.0750505930530156
1385	98.3517906306502	3.074748166177887
1386	98.35019836469857	3.0744467496574215
1387	98.34860951943158	3.074146346592219
1388	98.34702408832253	3.073846960082878
1389	98.34544206484472	3.0735485932299986
1390	98.34386344247146	3.0732512491341804
1391	98.34228821467605	3.072954930896022
1392	98.34071637493177	3.072659641616123
1393	98.33914791671198	3.072365384395083
1394	98.33758283348992	3.072072162333501
1395	98.33602111873894	3.071779978531977
1396	98.33446276593234	3.0714888360911106
1397	98.33290776854341	3.0711987381115
1398	98.33135612004546	3.070909687693745
1399	98.32980781391178	3.070621687938446
1400	98.32826284361569	3.0703347419462004
1401	98.3267212026305	3.0700488528176098
1402	98.3251828844295	3.069764023653272
1403	98.32364788248599	3.069480257553787
1404	98.32211619027328	3.0691975576197543
1405	98.32058780126468	3.0689159269517727
1406	98.31906270893347	3.068635368650442
1407	98.317540906753	3.068355885816362
1408	98.31602238819653	3.068077481550131
1409	98.3145071467374	3.0678001589523496
1410	98.31299517584887	3.067523921123616
1411	98.31148646900428	3.0672487711645307
1412	98.30998101967693	3.066974712175692
1413	98.30847882134012	3.0667017472577
1414	98.30697986746712	3.066429879511154
1415	98.30548415153129	3.0661591120366527
1416	98.3039916670059	3.065889447934797
1417	98.30250240736426	3.0656208903061843
1418	98.30101636607968	3.0653534422514155
1419	98.29953353662546	3.06508710687109
1420	98.29805391247491	3.064821887265806
1421	98.29657748710133	3.0645577865361635
1422	98.29510425397801	3.0642948077827623
1423	98.29363420657828	3.0640329541062012
1424	98.29216733837542	3.063772228607079
1425	98.29070364284274	3.0635126343859973
1426	98.28924311345357	3.063254174543553
1427	98.28778574368117	3.0629968521803472
1428	98.28633152699888	3.062740670396978
1429	98.28488045687997	3.0624856322940457
1430	98.28343252679778	3.0622317409721496
1431	98.2819877302256	3.0619789995318882
1432	98.28054606063671	3.061727411073862
1433	98.27910751150445	3.0614769786986695
1434	98.27767207630211	3.061227705506911
1435	98.27623974850297	3.0609795945991847
1436	98.27481052158039	3.060732649076091
1437	98.27338438900763	3.0604868720382292
1438	98.271961344258	3.0602422665861977
1439	98.27054138080481	3.059998835820597
1440	98.26912449212138	3.059756582842026
1441	98.26771067168099	3.0595155107510843
1442	98.26629991295694	3.0592756226483706
1443	98.26489220942256	3.059036921634485
1444	98.26348755455112	3.058799410810027
1445	98.26208594181595	3.0585630932755947
1446	98.26068736469036	3.0583279721317895
1447	98.25929181664762	3.058094050479209
1448	98.25789929116107	3.057861331418454
1449	98.25650978170398	3.0576298180501222
1450	98.25512328174969	3.057399513474815
1451	98.25373978477148	3.0571704207931303
1452	98.25235928424266	3.0569425431056674
1453	98.25098177363654	3.056715883513027
1454	98.24960724642641	3.0564904451158066
1455	98.24823569608557	3.056266231014608
1456	98.24686711608734	3.056043244310028
1457	98.24550149990505	3.055821488102668
1458	98.24413884101195	3.055600965493126
1459	98.24277913288137	3.055381679582002
1460	98.24142236898662	3.0551636334698955
1461	98.24006854280098	3.0549468302574057
1462	98.23871764779778	3.054731273045132
1463	98.23736967745032	3.054516964933674
1464	98.23602462523189	3.0543039090236306
1465	98.2346824846158	3.054092108415601
1466	98.23334324907536	3.053881566210186
1467	98.23200691208388	3.053672285507983
1468	98.23067346711463	3.0534642694095933
1469	98.22934290764096	3.0532575210156145
1470	98.22801522713613	3.0530520434266477
1471	98.22669041907348	3.0528478397432903
1472	98.22536847692629	3.0526449130661435
1473	98.22404939416788	3.052443266495806
1474	98.22273316427155	3.052242903132877
1475	98.22141978071058	3.0520438260779557
1476	98.22010923695831	3.051846038431642
1477	98.21880152648802	3.051649543294536
1478	98.21749664277303	3.051454343767235
1479	98.21619457928664	3.05126044295034
1480	98.21489532950216	3.0510678439444496
1481	98.21359888689285	3.0508765498501638
1482	98.21230524493208	3.0506865637680813
1483	98.21101439709311	3.050497888798802
1484	98.20972633684927	3.0503105280429255
1485	98.20844105767384	3.0501244846010502
1486	98.20715855304013	3.049939761573777
1487	98.20587881642146	3.049756362061703
1488	98.20460184129111	3.0495742891654305
1489	98.2033276211224	3.0493935459855566
1490	98.20205614938862	3.0492141356226816
1491	98.20078741956311	3.0490360611774046
1492	98.19952142511913	3.0488593257503247
1493	98.19825815953	3.0486839324420423
1494	98.19699761626903	3.0485098843531553
1495	98.1957397888095	3.048337184584265
1496	98.19448467062476	3.0481658362359685
1497	98.1932322551881	3.0479958424088673
1498	98.19198253597278	3.0478272062035594
1499	98.19073550645214	3.047659930720645
1500	98.1894911600995	3.0474940190607227
1501	98.18824949038813	3.047329474324392
1502	98.18701049079135	3.0471662996122535
1503	98.18577415478245	3.047004498024905
1504	98.18454047583477	3.0468440726629464
1505	98.18330944742156	3.0466850266269776
1506	98.18208106301617	3.046527363017597
1507	98.1808553160919	3.046371084935405
1508	98.17963220012201	3.046216195481001
1509	98.17841170857986	3.0460626977549836
1510	98.17719383493872	3.045910594857952
1511	98.1759785726719	3.0457598898905065
1512	98.1747659152527	3.0456105859532463
1513	98.17355585615444	3.0454626861467697
1514	98.17234838885042	3.0453161935716775
1515	98.1711435068139	3.0451711113285684
1516	98.16994120351826	3.045027442518042
1517	98.16874147243678	3.0448851902406977
1518	98.16754430704272	3.0447443575971342
1519	98.16634970080943	3.0446049476879518
1520	98.1651576472102	3.0444669636137496
1521	98.16396813971832	3.044330408475126
1522	98.16278117180711	3.0441952853726826
1523	98.16159673694987	3.0440615974070164
1524	98.1604148286199	3.043929347678729
1525	98.15923544029053	3.043798539288417
1526	98.15805856543501	3.0436691753366825
1527	98.1568841975267	3.043541258924123
1528	98.15571233003887	3.043414793151339
1529	98.15454295644484	3.0432897811189297
1530	98.1533760702179	3.043166225927494
1531	98.15221166483137	3.043044130677632
1532	98.15104973375854	3.042923498469942
1533	98.14989027047271	3.0428043324050242
1534	98.1487332684472	3.0426866355834776
1535	98.14757872115531	3.0425704111059027
1536	98.14642662207034	3.042455662072897
1537	98.1452769646656	3.0423423915850614
1538	98.14412974241438	3.0422306027429946
1539	98.14298494879	3.0421202986472955
1540	98.14184257726575	3.042011482398565
1541	98.14070262131494	3.0419041570974006
1542	98.1395650744109	3.041798325844404
1543	98.13842993002689	3.0416939917401726
1544	98.13729718163623	3.0415911578853057
1545	98.13616682271223	3.041489827380404
1546	98.1350388467282	3.041390003326066
1547	98.13391324715741	3.041291688822892
1548	98.13279001747321	3.0411948869714793
1549	98.13166915114887	3.04109960087243
1550	98.13055064165772	3.041005833626342
1551	98.12943448247304	3.0409135883338148
1552	98.12832066706815	3.0408228680954474
1553	98.12720918891635	3.0407336760118397
1554	98.12610004149093	3.040646015183591
1555	98.12499321826522	3.0405598887113006
1556	98.12388871271249	3.0404752996955686
1557	98.12278651830609	3.040392251236993
1558	98.12168662851929	3.040310746436174
1559	98.12058903682538	3.0402307883937114
1560	98.1194937366977	3.0401523802102037
1561	98.11840072160956	3.0400755249862508
1562	98.11730998503423	3.0400002258224514
1563	98.11622152044502	3.039926485819406
1564	98.11513532131525	3.0398543080777136
1565	98.1140513811182	3.039783695697973
1566	98.11296969332722	3.0397146517807836
1567	98.11189025141556	3.0396471794267454
1568	98.11081304885656	3.0395812817364574
1569	98.10973807912349	3.039516961810519
1570	98.1086653356897	3.03945422274953
1571	98.10759481202845	3.03939306765409
1572	98.10652650161308	3.0393334996247967
1573	98.10546039791686	3.0392755217622507
1574	98.10439649441312	3.0392191371670516
1575	98.10333478457515	3.039164348939799
1576	98.10227526187626	3.0391111601810907
1577	98.10121791978976	3.0390595739915276
1578	98.10016275178894	3.0390095934717087
1579	98.09910975134711	3.0389612217222335
1580	98.09805891193758	3.038914461843701
1581	98.09701022703365	3.03886931693671
1582	98.09596369010862	3.0388257901018614
1583	98.0949192946358	3.038783884439753
1584	98.09387703408848	3.0387436030509862
1585	98.09283690193999	3.0387049490361586
1586	98.0917988916636	3.0386679254958695
1587	98.09076299673265	3.0386325355307195
1588	98.08972921062042	3.038598782241307
1589	98.08869752680022	3.0385666687282327
1590	98.08766793874534	3.0385361980920944
1591	98.08664043992911	3.0385073734334918
1592	98.08561502382483	3.0384801978530254
1593	98.08459168390578	3.038454674451293
1594	98.0835704136453	3.038430806328895
1595	98.08255120651665	3.0384085965864305
1596	98.08153405599316	3.0383880483245
1597	98.08051895554814	3.0383691646437003
1598	98.07950589865489	3.0383519486446326
1599	98.0784948787867	3.0383364034278966
1600	98.07748588941689	3.03832253209409
1601	98.07647892401876	3.0383103377438143
1602	98.07547397606561	3.0382998234776672
1603	98.07447103903075	3.038290992396249
1604	98.07347010638748	3.038283847600159
1605	98.07247117160908	3.038278392189995
1606	98.0714742281689	3.0382746292663594
1607	98.07047926954021	3.038272561929849
1608	98.06948628919633	3.038272193281064
1609	98.06849528061056	3.038273526420604
1610	98.0675062372562	3.0382765644490686
1611	98.06651915260656	3.0382813104670565
1612	98.06553402013495	3.0382877675751674
1613	98.06455083331464	3.0382959388740005
1614	98.06356958561898	3.0383058274641557
1615	98.06259027052124	3.0383174364462318
1616	98.06161288149472	3.038330768920828
1617	98.06063741201277	3.038345827988545
1618	98.05966385554866	3.038362616749981
1619	98.0586922055757	3.038381138305735
1620	98.05772245556717	3.038401395756408
1621	98.05675459899642	3.0384233922025974
1622	98.05578862933673	3.0384471307449044
1623	98.05482454006139	3.038472614483927
1624	98.05386232464373	3.0384998465202653
1625	98.05290197655704	3.0385288299545192
1626	98.05194348927462	3.0385595678872863
1627	98.05098685626979	3.038592063419168
1628	98.05003207101583	3.038626319650762
1629	98.04907912698607	3.038662339682669
1630	98.0481280176538	3.0387001266154874
1631	98.04717873649231	3.0387396835498173
1632	98.04623127697494	3.038781013586258
1633	98.04528563257496	3.0388241198254082
1634	98.04434179676569	3.038869005367868
1635	98.04339976302043	3.038915673314236
1636	98.04245952481249	3.038964126765113
1637	98.04152107561517	3.039014368821097
1638	98.04058440890176	3.0390664025827876
1639	98.0396495181456	3.039120231150785
1640	98.03871639681995	3.0391758576256875
1641	98.03778503839816	3.0392332851080957
1642	98.03685543635348	3.039292516698607
1643	98.03592758415925	3.039353555497823
1644	98.03500147528878	3.0394164046063423
1645	98.03407710321537	3.0394810671247634
1646	98.0331544614123	3.039547546153687
1647	98.03223354335287	3.0396158447937114
1648	98.03131434251043	3.0396859661454365
1649	98.03039685235825	3.0397579133094617
1650	98.02948106636963	3.0398316893863866
1651	98.02856697801789	3.03990729747681
1652	98.02765458077634	3.039984740681332
1653	98.02674386811826	3.040064022100551
1654	98.02583483351697	3.040145144835067
1655	98.02492747044576	3.0402281119854795
1656	98.02402177237796	3.0403129266523874
1657	98.02311773278684	3.040399591936391
1658	98.02221534514574	3.0404881109380884
1659	98.02131460292793	3.0405784867580796
1660	98.02041549960674	3.040670722496964
1661	98.01951802865547	3.0407648212553413
1662	98.01862218354741	3.0408607861338104
1663	98.01772795775587	3.040958620232971
1664	98.01683534475416	3.041058326653422
1665	98.01594433801557	3.0411599084957635
1666	98.01505493101342	3.0412633688605943
1667	98.01416711722102	3.041368710848514
1668	98.01328089011164	3.0414759375601217
1669	98.01239624315863	3.0415850520960177
1670	98.01151316983525	3.0416960575567997
1671	98.01063166361483	3.041808957043069
1672	98.00975171797066	3.041923753655424
1673	98.00887332637606	3.042040450494463
1674	98.00799648230432	3.0421590506607874
1675	98.00712117922876	3.042279557254995
1676	98.00624741062266	3.042401973377687
1677	98.00537516995934	3.0425263021294615
1678	98.00450445071209	3.042652546610917
1679	98.00363524635424	3.042780709922655
1680	98.00276755035907	3.0429107951652727
1681	98.0019013561999	3.043042805439372
1682	98.00103665735003	3.043176743845549
1683	98.00017344728275	3.043312613484406
1684	97.99931171947138	3.0434504174565418
1685	97.99845146738922	3.0435901588625542
1686	97.99759268450957	3.0437318408030447
1687	97.99673536430574	3.0438754663786107
1688	97.99587950025102	3.044021038689853
1689	97.99502508581874	3.0441685608373703
1690	97.99417211448217	3.0443180359217625
1691	97.99332057971465	3.0444694670436285
1692	97.99247047498946	3.0446228573035676
1693	97.9916217937799	3.04477820980218
1694	97.99077452955929	3.044935527640064
1695	97.98992867580094	3.0450948139178196
1696	97.98908422597812	3.045256071736046
1697	97.98824117356415	3.045419304195343
1698	97.98739951203235	3.0455845143963094
1699	97.98655923485603	3.0457517054395447
1700	97.98572033550846	3.0459208804256486
1701	97.98488280746298	3.046092042455219
1702	97.98404664419286	3.046265194628858
1703	97.98321183917142	3.046440340047163
1704	97.98237838587197	3.0466174818107343
1705	97.9815462777678	3.0467966230201706
1706	97.98071550833222	3.046977766776071
1707	97.97988607103855	3.0471609161790365
1708	97.97905795936008	3.0473460743296648
1709	97.97823116677009	3.047533244328556
1710	97.97740568674192	3.047722429276309
1711	97.97658151274887	3.047913632273524
1712	97.97575863826422	3.0481068564208
1713	97.97493705676129	3.048302104818736
1714	97.97411676171339	3.0484993805679315
1715	97.97329774659381	3.0486986867689865
1716	97.97248000487586	3.0489000265225
1717	97.97166353003284	3.0491034029290707
1718	97.97084831553806	3.049308819089299
1719	97.97003435486484	3.049516278103784
1720	97.96922164148646	3.049725783073125
1721	97.96841016887622	3.0499373370979206
1722	97.96759993050743	3.050150943278772
1723	97.96679091985342	3.050366604716277
1724	97.96598313038746	3.0505843245110356
1725	97.96517655558287	3.0508041057636466
1726	97.96437118891293	3.0510259515747107
1727	97.96356702385098	3.0512498650448254
1728	97.96276405387032	3.051475849274592
1729	97.96196227244423	3.051703907364608
1730	97.96116167304602	3.0519340424154744
1731	97.96036224914901	3.0521662575277904
1732	97.95956399422649	3.0524005558021536
1733	97.95876690175177	3.0526369403391658
1734	97.95797096519814	3.0528754142394248
1735	97.95717617803892	3.053115980603531
1736	97.95638253374742	3.053358642532082
1737	97.95559002579691	3.05360340312568
1738	97.95479864766074	3.0538502654849218
1739	97.95400839281218	3.0540992327104077
1740	97.95321925472456	3.054350307902738
1741	97.95243122687116	3.0546034941625098
1742	97.95164430272528	3.054858794590325
1743	97.95085847576026	3.0551162122867814
1744	97.95007373944937	3.0553757503524794
1745	97.94929008726592	3.055637411888018
1746	97.94850751268322	3.0559011999939956
1747	97.94772600917457	3.056167117771013
1748	97.94694557021329	3.056435168319668
1749	97.94616618927266	3.0567053547405623
1750	97.945387859826	3.056977680134293
1751	97.94461057534662	3.057252147601461
1752	97.94383432930779	3.057528760242665
1753	97.94305911518285	3.0578075211585043
1754	97.94228492644508	3.0580884334495786
1755	97.9415117565678	3.058371500216487
1756	97.94073959902431	3.058656724559829
1757	97.93996844728791	3.058944109580204
1758	97.9391982948319	3.0592336583782114
1759	97.93842913512958	3.059525374054451
1760	97.93766096165429	3.059819259709521
1761	97.9368937678793	3.060115318444022
1762	97.93612754727792	3.0604135533585524
1763	97.93536229332345	3.060713967553713
1764	97.93459799948921	3.0610165641301013
1765	97.93383465924849	3.061321346188318
1766	97.93307226607459	3.0616283168289624
1767	97.93231081344084	3.061937479152633
1768	97.93155029482051	3.06224883625993
1769	97.93079070368692	3.062562391251453
1770	97.93003203351338	3.0628781472278
1771	97.92927427777319	3.0631961072895724
1772	97.92851742993965	3.063516274537368
1773	97.92776148348605	3.0638386520717864
1774	97.92700643188573	3.0641632429934273
1775	97.92625226861196	3.06449005040289
1776	97.92549898713806	3.064819077400774
1777	97.92474658093732	3.065150327087679
1778	97.92399504348306	3.065483802564204
1779	97.92324436824859	3.0658195069309477
1780	97.92249454870719	3.0661574432885104
1781	97.92174557833218	3.0664976147374907
1782	97.92099745059687	3.0668400243784895
1783	97.92025015897455	3.067184675312104
1784	97.91950369693853	3.067531570638936
1785	97.91875805796211	3.067880713459583
1786	97.9180132355186	3.0682321068746448
1787	97.91726922308129	3.0685857539847214
1788	97.9165260141235	3.068941657890411
1789	97.91578360211854	3.0692998216923146
1790	97.91504198053968	3.06966024849103
1791	97.91430114286027	3.0700229413871583
1792	97.91356108255357	3.070387903481297
1793	97.91282179309292	3.0707551378740465
1794	97.9120832679516	3.0711246476660063
1795	97.91134550060292	3.071496435957775
1796	97.91060848452018	3.071870505849953
1797	97.9098722131767	3.0722468604431388
1798	97.90913668004576	3.0726255028379326
1799	97.90840187860069	3.0730064361349334
1800	97.90766780231478	3.07338966343474
1801	97.90693444466135	3.0737751878379522
1802	97.90620179911366	3.0741630124451698
1803	97.90546985914506	3.074553140356992
1804	97.90473861822883	3.0749455746740173
1805	97.9040080698383	3.075340318496847
1806	97.90327820744673	3.0757373749260783
1807	97.90254902452747	3.076136747062312
1808	97.90182051455379	3.0765384380061467
1809	97.90109267099902	3.076942450858182
1810	97.90036548733644	3.077348788719018
1811	97.89963895703937	3.0777574546892534
1812	97.89891307358111	3.078168451869487
1813	97.89818783043496	3.0785817833603195
1814	97.89746322107422	3.0789974522623496
1815	97.89673923897222	3.0794154616761764
1816	97.89601587760222	3.0798358147024
1817	97.89529313043757	3.080258514441619
1818	97.89457099095152	3.0806835639944334
1819	97.89384945261743	3.081110966461442
1820	97.89312850890859	3.0815407249432445
1821	97.89240815329828	3.0819728425404405
1822	97.89168837925982	3.082407322353629
1823	97.89096918026651	3.082844167483409
1824	97.89025054979166	3.0832833810303817
1825	97.88953248130858	3.0837249660951445
1826	97.88881496829055	3.084168925778297
1827	97.88809800421089	3.08461526318044
1828	97.88738158254291	3.085063981402171
1829	97.8866656967599	3.0855150835440908
1830	97.88595034033517	3.0859685727067983
1831	97.88523550674202	3.0864244519908928
1832	97.88452118945376	3.086882724496974
1833	97.8838073819437	3.0873433933256407
1834	97.88309407768513	3.0878064615774927
1835	97.88238127015136	3.088271932353129
1836	97.88166895281569	3.0887398087531497
1837	97.88095711915143	3.0892100938781533
1838	97.88024576263187	3.0896827908287396
1839	97.87953487673033	3.090157902705509
1840	97.87882445492012	3.090635432609059
1841	97.87811449067453	3.0911153836399903
1842	97.87740497746687	3.0915977588989008
1843	97.87669590877043	3.092082561486392
1844	97.87598727805853	3.0925697945030617
1845	97.87527907880448	3.0930594610495104
1846	97.87457130448156	3.093551564226337
1847	97.87386394856308	3.09404610713414
1848	97.87315700452237	3.094543092873519
1849	97.87245046583271	3.095042524545075
1850	97.8717443259674	3.095544405249406
1851	97.87103857839976	3.0960487380871116
1852	97.87033321660309	3.0965555261587907
1853	97.86962823405068	3.097064772565044
1854	97.86892362421585	3.0975764804064694
1855	97.86821938057189	3.098090652783668
1856	97.86751549659212	3.0986072927972366
1857	97.86681196574983	3.0991264035477775
1858	97.86610878151832	3.0996479881358887
1859	97.86540593737092	3.1001720496621683
1860	97.86470342678092	3.100698591227218
1861	97.86400124322162	3.101227615931636
1862	97.86329938016632	3.101759126876022
1863	97.86259783108834	3.102293127160974
1864	97.86189658946097	3.1028296198870944
1865	97.86119564875752	3.1033686081549803
1866	97.86049500245129	3.1039100950652303
1867	97.85979464401558	3.1044540837184464
1868	97.8590945669237	3.105000577215226
1869	97.85839476464896	3.1055495786561695
1870	97.85769523066466	3.1061010911418747
1871	97.85699595844409	3.1066551177729433
1872	97.85629694146057	3.107211661649974
1873	97.8555981731874	3.1077707258735647
1874	97.85489964709788	3.1083323135443157
1875	97.85420135666533	3.1088964277628266
1876	97.85350329536303	3.109463071629697
1877	97.8528054566643	3.1100322482455254
1878	97.85210783404243	3.1106039607109124
1879	97.85141042097072	3.111178212126456
1880	97.8507132109225	3.111755005592757
1881	97.85001619737108	3.112334344210413
1882	97.84931937378973	3.112916231080025
1883	97.84862273365177	3.113500669302192
1884	97.84792627043049	3.1140876619775124
1885	97.84722997759923	3.114677212206587
1886	97.84653384863125	3.1152693230900153
1887	97.8458378769999	3.1158639977283946
1888	97.84514205617843	3.1164612392223257
1889	97.84444637964019	3.1170610506724086
1890	97.84375084085846	3.117663435179242
1891	97.84305543330655	3.1182683958434243
1892	97.84236015045776	3.1188759357655558
1893	97.8416649857854	3.1194860580462374
1894	97.84096993276277	3.1200987657860653
1895	97.84027498486319	3.120714062085641
1896	97.83958013555994	3.1213319500455636
1897	97.83888537832632	3.1219524327664328
1898	97.83819070663569	3.1225755133488473
1899	97.83749611396127	3.1232011948934058
1900	97.83680159377641	3.1238294805007096
1901	97.83610713955441	3.124460373271356
1902	97.83541274476859	3.1250938763059457
1903	97.83471840289224	3.125729992705078
1904	97.83402410739865	3.1263687255693524
1905	97.83332985176114	3.127010077999368
1906	97.832635629453	3.127654053095723
1907	97.83194143394755	3.1283006539590192
1908	97.83124725871808	3.1289498836898537
1909	97.83055309723791	3.129601745388828
1910	97.82985894298034	3.130256242156539
1911	97.82916478941866	3.1309133770935884
1912	97.82847063002617	3.131573153300575
1913	97.82777645827622	3.1322355738780954
1914	97.82708226764206	3.1329006419267538
1915	97.82638805159701	3.1335683605471463
1916	97.82569380361439	3.1342387328398735
1917	97.82499951716748	3.134911761905533
1918	97.82430518572961	3.1355874508447266
1919	97.82361080277406	3.1362658027580532
1920	97.82291636177413	3.136946820746111
1921	97.82222185620317	3.1376305079095
1922	97.82152727953444	3.138316867348819
1923	97.82083262524125	3.1390059021646692
1924	97.82013788679693	3.1396976154576475
1925	97.81944305767475	3.1403920103283554
1926	97.81874813134803	3.1410890898773918
1927	97.81805310129006	3.141788857205355
1928	97.81735796097418	3.142491315412845
1929	97.81666270387366	3.143196467600461
1930	97.8159673234618	3.1439043168688037
1931	97.81527181321194	3.1446148663184696
1932	97.81457616659735	3.1453281190500615
1933	97.81388037709135	3.1460440781641767
1934	97.81318443816723	3.146762746761415
1935	97.81248834329831	3.1474841279423758
1936	97.81179208595789	3.1482082248076586
1937	97.81109565961927	3.1489350404578627
1938	97.81039905775575	3.1496645779935872
1939	97.80970227384063	3.1503968405154317
1940	97.80900530134724	3.151131831123996
1941	97.80830813374885	3.151869552919879
1942	97.80761076451881	3.1526100090036797
1943	97.80691318713038	3.1533532024759983
1944	97.80621539505688	3.1540991364374342
1945	97.80551738177161	3.154847813988586
1946	97.80481914074787	3.1555992382300535
1947	97.80412066545898	3.156353412262436
1948	97.80342194937825	3.157110339186333
1949	97.80272298597895	3.157870022102344
1950	97.8020237687344	3.158632464111068
1951	97.80132429111791	3.1593976683131046
1952	97.80062454660279	3.160165637809054
1953	97.79992452866233	3.1609363756995132
1954	97.79922423076982	3.1617098850850844
1955	97.7985236463986	3.1624861690663653
1956	97.79782276902196	3.163265230743956
1957	97.7971215921132	3.1640470732184545
1958	97.79642010914563	3.1648316995904624
1959	97.79571831359252	3.1656191129605777
1960	97.79501619892721	3.166409316429399
1961	97.794313758623	3.167202313097528
1962	97.79361098615321	3.1679981060655624
1963	97.7929078749911	3.1687966984341016
1964	97.79220441861001	3.169598093303745
1965	97.79150061048323	3.170402293775093
1966	97.79079644408407	3.1712093029487445
1967	97.79009191288583	3.1720191239252973
1968	97.78938701036179	3.1728317598053537
1969	97.78868172998531	3.173647213689511
1970	97.78797606522964	3.1744654886783694
1971	97.78727000956812	3.1752865878725265
1972	97.78656355647402	3.1761105143725845
1973	97.78585669942069	3.1769372712791415
1974	97.7851494318814	3.1777668616927968
1975	97.78444174732944	3.1785992887141488
1976	97.78373363923815	3.1794345554437986
1977	97.78302510108082	3.180272664982345
1978	97.78231612633076	3.1811136204303865
1979	97.78160670846123	3.181957424888524
1980	97.7808968409456	3.182804081457356
1981	97.78018651725715	3.183653593237482
1982	97.77947573086917	3.1845059633295008
1983	97.77876447525497	3.1853611948340124
1984	97.77805274388787	3.186219290851617
1985	97.77734053024115	3.1870802544829115
1986	97.77662782778812	3.1879440888284987
1987	97.7759146300021	3.1888107969889754
1988	97.77520093035638	3.1896803820649415
1989	97.77448672232427	3.1905528471569964
1990	97.77377199937905	3.1914281953657397
1991	97.77305675499406	3.192306429791772
1992	97.77234098264259	3.1931875535356906
1993	97.77162467579794	3.194071569698095
1994	97.77090782793341	3.194958481379586
1995	97.77019043252233	3.1958482916807625
1996	97.76947248303796	3.196741003702223
1997	97.76875397295365	3.1976366205445674
1998	97.76803489574266	3.1985351453083966
1999	97.76731524487832	3.1994365810943077
2000	97.76659501383392	3.2003409310029003
2001	97.76587419608279	3.2012481981347753
2002	97.76515278509822	3.2021583855905313
2003	97.76443077435351	3.2030714964707667
2004	97.76370815732196	3.2039875338760826
2005	97.76298492747688	3.2049065009070783
2006	97.76226107829157	3.205828400664352
2007	97.76153660323935	3.2067532362485016
2008	97.7608114957935	3.2076810107601306
2009	97.76008574942733	3.208611727299836
2010	97.75935935761416	3.209545388968217
2011	97.75863231382729	3.2104819988658724
2012	97.75790461154001	3.2114215600934037
2013	97.75717624422563	3.2123640757514096
2014	97.75644720535746	3.213309548940487
2015	97.75571748840879	3.214257982761239
2016	97.75498708685294	3.2152093803142625
2017	97.75425599416319	3.2161637447001583
2018	97.75352420381287	3.217121079019524
2019	97.75279170927529	3.2180813863729614
2020	97.75205850402371	3.219044669861068
2021	97.75132458153148	3.220010932584443
2022	97.75058993527188	3.2209801776436877
2023	97.74985455871823	3.221952408139399
2024	97.74911844534381	3.222927627172179
2025	97.74838158862195	3.2239058378426244
2026	97.74764398202593	3.2248870432513366
2027	97.74690561902909	3.2258712464989148
2028	97.7461664931047	3.226858450685957
2029	97.74542659772607	3.227848658913063
2030	97.7446859263665	3.2288418742808327
2031	97.74394447249931	3.229838099889866
2032	97.7432022295978	3.2308373388407605
2033	97.74245919113525	3.231839594234118
2034	97.74171535058501	3.232844869170536
2035	97.74097070142034	3.233853166750615
2036	97.74022523711457	3.2348644900749526
2037	97.739478951141	3.23587884224415
2038	97.73873183697292	3.236896226358807
2039	97.73798388808365	3.2379166455195207
2040	97.73723509794647	3.238940102826892
2041	97.73648546003471	3.2399666013815205
2042	97.73573496782167	3.2409961442840047
2043	97.73498361478065	3.2420287346349443
2044	97.73423139438496	3.2430643755349386
2045	97.73347830010789	3.244103070084588
2046	97.73272432542274	3.245144821384491
2047	97.73196946380284	3.2461896325352453
2048	97.73121370872147	3.247237506637454
2049	97.73045705365195	3.2482884467917135
2050	97.72969949206757	3.249342456098624
2051	97.72894101744166	3.250399537658785
2052	97.72818162324748	3.2514596945727967
2053	97.72742130295836	3.252522929941258
2054	97.72666005004761	3.253589246864766
2055	97.72589785798853	3.254658648443924
2056	97.72513472025442	3.2557311377793288
2057	97.72437063031859	3.2568067179715805
2058	97.72360558165433	3.2578853921212767
2059	97.72283956773495	3.2589671633290207
2060	97.72207258203375	3.260052034695409
2061	97.72130461802404	3.261140009321041
2062	97.72053566917913	3.2622310903065177
2063	97.71976572897232	3.2633252807524364
2064	97.7189947908769	3.2644225837593988
2065	97.71822284836621	3.2655230024280013
2066	97.71744989491351	3.2666265398588465
2067	97.71667592399214	3.267733199152532
2068	97.71590092907537	3.2688429834096566
2069	97.71512490363654	3.269955895730822
2070	97.71434784114892	3.271071939216625
2071	97.71356973508584	3.272191116967667
2072	97.71279057892059	3.273313432084545
2073	97.71201036612648	3.274438887667861
2074	97.7112290901768	3.275567486818214
2075	97.71044674454488	3.2766992326362017
2076	97.70966332270399	3.2778341282224237
2077	97.70887881812747	3.278972176677481
2078	97.7080932242886	3.2801133811019723
2079	97.70730653466069	3.281257744596495
2080	97.70651874271704	3.2824052702616524
2081	97.70572984193097	3.283555961198041
2082	97.70493982577577	3.284709820506261
2083	97.70414868772474	3.2858668512869107
2084	97.7033564212512	3.287027056640591
2085	97.70256301982845	3.2881904396679014
2086	97.70176847692977	3.2893570034694397
2087	97.7009727860285	3.2905267511458063
2088	97.70017594059792	3.2916996857976013
2089	97.69937793411134	3.2928758105254228
2090	97.69857876004207	3.2940551284298696
2091	97.6977784118634	3.2952376426115433
2092	97.69697688304865	3.296423356171042
2093	97.6961741670711	3.297612272208965
2094	97.69537025740408	3.298804393825911
2095	97.69456514752089	3.299999724122481
2096	97.69375883089482	3.301198266199274
2097	97.69295130099918	3.302400023156888
2098	97.69214255130728	3.303604998095924
2099	97.69133257529244	3.304813194116981
2100	97.69052136642792	3.3060246143206578
2101	97.68970891818704	3.307239261807553
