0	62.72170524162888	6.44546408415599
1	62.713986702933134	6.439274861117227
2	62.70627698490787	6.433094221753515
3	62.69857608238643	6.426922160298336
4	62.69088399020216	6.420758670985173
5	62.68320070318837	6.4146037480475115
6	62.675526216178405	6.408457385718831
7	62.667860524005604	6.4023195782326185
8	62.660203621503285	6.396190319822353
9	62.65255550350479	6.39006960472152
10	62.644916164843465	6.383957427163603
11	62.63728560035262	6.3778537813820835
12	62.62966380486561	6.371758661610445
13	62.62205077321575	6.365672062082171
14	62.61444650023639	6.359593977030745
15	62.606850980760846	6.353524400689648
16	62.59926420962247	6.347463327292365
17	62.591686181654595	6.341410751072379
18	62.584116891690535	6.335366666263172
19	62.576556334563634	6.329331067098229
20	62.56900450510724	6.32330394781103
21	62.56146139815466	6.31728530263506
22	62.553927008539254	6.311275125803803
23	62.54640133109434	6.30527341155074
24	62.53888436065325	6.299280154109355
25	62.53137609204932	6.293295347713131
26	62.52387652011589	6.287318986595551
27	62.5163856396863	6.281351064990099
28	62.50890344559386	6.275391577130256
29	62.50142993267191	6.2694405172495085
30	62.49396509575381	6.263497879581335
31	62.48650892967286	6.257563658359222
32	62.47906142926241	6.251637847816651
33	62.471622589355796	6.245720442187106
34	62.46419240478634	6.23981143570407
35	62.45677087038739	6.2339108226010245
36	62.44935798099226	6.228018597111454
37	62.44195373143431	6.2221347534688425
38	62.434558116546846	6.216259285906671
39	62.42717113116322	6.210392188658424
40	62.419792770116764	6.204533455957582
41	62.4124230282408	6.198683082037633
42	62.40506190036867	6.1928410611320555
43	62.39770938133372	6.187007387474334
44	62.39036546596926	6.181182055297953
45	62.383030149108635	6.175365058836393
46	62.37570342558518	6.169556392323139
47	62.368385290232226	6.163756049991673
48	62.361075737883105	6.157964026075478
49	62.35377476337115	6.15218031480804
50	62.3464823615297	6.146404910422837
51	62.33919852719209	6.1406378071533565
52	62.33192325519164	6.134878999233079
53	62.32465654036171	6.1291284808954885
54	62.3173983775356	6.123386246374068
55	62.310148761546664	6.1176522899023
56	62.30290768722824	6.111926605713669
57	62.29567514941365	6.106209188041656
58	62.28845114293622	6.100500031119745
59	62.2812356626293	6.09479912918142
60	62.27402870332623	6.089106476460163
61	62.26683025986032	6.083422067189458
62	62.259640327064915	6.077745895602787
63	62.25245889977336	6.072077955933633
64	62.24528597281896	6.06641824241548
65	62.23812154103508	6.060766749281811
66	62.230965599255036	6.055123470766109
67	62.22381814231216	6.049488401101855
68	62.2166791650398	6.043861534522534
69	62.20954866227128	6.038242865261631
70	62.20242662883993	6.032632387552625
71	62.195313059579085	6.027030095629002
72	62.188207949322084	6.021435983724244
73	62.18111129290226	6.015850046071834
74	62.17402308515294	6.010272276905255
75	62.166943320907464	6.0047026704579896
76	62.15987199499917	5.999141220963523
77	62.15280910226138	5.993587922655335
78	62.14575463752743	5.988042769766912
79	62.13870859563067	5.982505756531735
80	62.131670971404404	5.9769768771832865
81	62.124641759681985	5.9714561259550525
82	62.11762095529674	5.965943497080513
83	62.110608553082024	5.960438984793153
84	62.103604547871136	5.954942583326455
85	62.096608934497425	5.9494542869139
86	62.08962170779424	5.943974089788975
87	62.08264286259489	5.93850198618516
88	62.07567239373272	5.93303797033594
89	62.06871029604106	5.927582036474797
90	62.06175656435325	5.922134178835213
91	62.054811193502616	5.916694391650673
92	62.0478741783225	5.9112626691546595
93	62.04094551364623	5.905839005580656
94	62.03402519430714	5.900423395162144
95	62.027113215138556	5.895015832132608
96	62.02020957097383	5.889616310725531
97	62.01331425664628	5.884224825174394
98	62.00642726698925	5.878841369712684
99	61.99954859683607	5.87346593857388
100	61.992678241020066	5.868098525991469
101	61.98581619437458	5.86273912619893
102	61.97896245173295	5.857387733429748
103	61.97211700792849	5.8520443419174075
104	61.96527985779455	5.846708945895388
105	61.95845099616446	5.841381539597177
106	61.951630417871556	5.836062117256254
107	61.94481811774917	5.830750673106103
108	61.93801409063063	5.825447201380209
109	61.931218331349285	5.820151696312052
110	61.924430834738445	5.814864152135117
111	61.91765159563146	5.809584563082886
112	61.91088060886167	5.804312923388842
113	61.90411786926239	5.799049227286471
114	61.89736337166696	5.793793469009252
115	61.89061711090873	5.788545642790671
116	61.88387908182101	5.783305742864209
117	61.87714927923714	5.778073763463349
118	61.87042769799045	5.772849698821577
119	61.8637143329143	5.767633543172374
120	61.85700917884199	5.762425290749222
121	61.85031223060687	5.757224935785606
122	61.84362348304228	5.752032472515007
123	61.836942930981536	5.746847895170911
124	61.830270569257976	5.741671197986799
125	61.823606392704946	5.736502375196155
126	61.81695039615577	5.73134142103246
127	61.81030257444378	5.726188329729199
128	61.80366292240232	5.721043095519856
129	61.797031434864714	5.715905712637911
130	61.790408106664295	5.71077617531685
131	61.78379293263439	5.705654477790154
132	61.77718590760836	5.700540614291308
133	61.77058702641951	5.695434579053793
134	61.763996283901186	5.690336366311094
135	61.75741367488673	5.685245970296693
136	61.750839194209455	5.680163385244072
137	61.744272836702706	5.6750886053867164
138	61.73771459719982	5.670021624958107
139	61.73116447053412	5.664962438191728
140	61.72462245153895	5.659911039321064
141	61.718088535047634	5.654867422579596
142	61.71156271589352	5.649831582200807
143	61.705044988909926	5.64480351241818
144	61.69853534893019	5.6397832074652
145	61.69203379078766	5.634770661575349
146	61.68554030931565	5.629765868982108
147	61.6790548993475	5.624768823918964
148	61.67257755571655	5.619779520619397
149	61.66610827325612	5.61479795331689
150	61.659647046799556	5.609824116244929
151	61.653193871180186	5.604858003636994
152	61.64674874123135	5.599899609726569
153	61.64031165178638	5.594948928747138
154	61.63388259767859	5.590005954932183
155	61.62746157374134	5.5850706825151875
156	61.62104857480796	5.5801431057296345
157	61.61464359571176	5.575223218809008
158	61.60824663128611	5.570311015986788
159	61.60185767636431	5.565406491496462
160	61.59547672577971	5.560509639571508
161	61.589103774365654	5.555620454445413
162	61.58273881695545	5.55073893035166
163	61.57638184838245	5.545865061523729
164	61.57003286347997	5.5409988421951075
165	61.56369185708137	5.536140266599274
166	61.55735882401997	5.531289328969714
167	61.5510337591291	5.52644602353991
168	61.5447166572421	5.521610344543346
169	61.53840751319229	5.5167822862135045
170	61.53210632181302	5.511961842783867
171	61.52581307793762	5.507149008487919
172	61.519527776399414	5.502343777559142
173	61.513250412031745	5.49754614423102
174	61.506980979667944	5.492756102737036
175	61.50071947414135	5.487973647310672
176	61.49446589028529	5.483198772185411
177	61.488220222933094	5.478431471594739
178	61.481982466918105	5.473671739772135
179	61.47575261707365	5.468919570951085
180	61.46953066823306	5.46417495936507
181	61.46331661522969	5.4594378992475745
182	61.45711045289684	5.454708384832082
183	61.45091217606787	5.449986410352073
184	61.4447217795761	5.445271970041034
185	61.43853925825487	5.440565058132446
186	61.432364606937504	5.435865668859791
187	61.42619782045735	5.431173796456555
188	61.420038893647735	5.426489435156219
189	61.41388782134199	5.421812579192267
190	61.40774459837345	5.417143222798181
191	61.401609219575455	5.412481360207446
192	61.39548167978133	5.407826985653542
193	61.3893619738244	5.403180093369954
194	61.38325009653803	5.398540677590167
195	61.37714604275552	5.39390873254766
196	61.37104980731022	5.389284252475919
197	61.36496138503546	5.384667231608425
198	61.35888077076458	5.380057664178663
199	61.3528079593309	5.375455544420116
200	61.34674294556777	5.3708608665662645
201	61.340685724308514	5.366273624850595
202	61.33463629038646	5.361693813506587
203	61.328594638634954	5.357121426767727
204	61.32256076388733	5.352556458867497
205	61.316534660976906	5.347998904039379
206	61.31051632473703	5.343448756516857
207	61.304505750001034	5.338906010533412
208	61.29850293160224	5.334370660322531
209	61.292507864373995	5.329842700117694
210	61.28652054314962	5.325322124152384
211	61.28054096276247	5.320808926660087
212	61.274569118045854	5.316303101874283
213	61.26860500383312	5.311804644028456
214	61.262648614957605	5.30731354735609
215	61.256699946252624	5.302829806090666
216	61.250758992551525	5.298353414465669
217	61.244825748687646	5.2938843667145825
218	61.23890020949431	5.289422657070887
219	61.23298236980485	5.2849682797680675
220	61.227072224452606	5.280521229039606
221	61.22116976827091	5.2760814991189875
222	61.21527499609309	5.271649084239693
223	61.20938790275249	5.267223978635206
224	61.203508483082445	5.26280617653901
225	61.19763673191627	5.258395672184587
226	61.191772644087315	5.253992459805423
227	61.185916214428914	5.249596533634998
228	61.18006743777438	5.245207887906797
229	61.174226308957074	5.2408265168543
230	61.16839282281032	5.236452414710993
231	61.16256697416744	5.23208557571036
232	61.15674875786178	5.227725994085881
233	61.15093816872667	5.22337366407104
234	61.14513520159545	5.219028579899321
235	61.13933985130144	5.214690735804207
236	61.13355211267798	5.2103601260191805
237	61.127771980558414	5.206036744777724
238	61.12199944977606	5.201720586313322
239	61.11623451516426	5.197411644859456
240	61.11047717155635	5.193109914649611
241	61.10472741378565	5.188815389917268
242	61.09898523668551	5.184528064895911
243	61.09325063508925	5.180247933819024
244	61.08752360383022	5.175974990920089
245	61.081804137741734	5.1717092304325885
246	61.076092231657135	5.167450646590007
247	61.07038788040976	5.163199233625826
248	61.064691078832944	5.15895498577353
249	61.059001821760006	5.1547178972666
250	61.0533201040243	5.150487962338524
251	61.04764592045914	5.146265175222778
252	61.04197926589787	5.14204953015285
253	61.03632013517383	5.137841021362222
254	61.03066852312034	5.133639643084376
255	61.02502442457074	5.129445389552797
256	61.01938783435836	5.125258255000966
257	61.01375874731655	5.121078233662367
258	61.008137158278615	5.116905319770483
259	61.00252306207791	5.112739507558797
260	60.99691645354777	5.108580791260794
261	60.99131732752151	5.104429165109952
262	60.98572567883247	5.10028462333976
263	60.980141502314005	5.096147160183698
264	60.97456479279942	5.092016769875247
265	60.96899554512206	5.087893446647896
266	60.963433754115265	5.083777184735122
267	60.957879414612364	5.079667978370411
268	60.952332521446685	5.075565821787247
269	60.946793069451566	5.07147070921911
270	60.941261053460344	5.067382634899486
271	60.935736468306345	5.063301593061857
272	60.930219308822906	5.059227577939705
273	60.92470956984337	5.055160583766515
274	60.919207246201054	5.051100604775768
275	60.9137123327293	5.04704763520095
276	60.908224824261445	5.04300166927554
277	60.90274471563082	5.038962701233024
278	60.89727200167074	5.034930725306885
279	60.891806677214575	5.030905735730604
280	60.88634873709564	5.026887726737668
281	60.880898176147255	5.022876692561555
282	60.87545498920277	5.018872627435751
283	60.87001917109552	5.014875525593739
284	60.86459071665883	5.010885381269002
285	60.85916962072604	5.006902188695023
286	60.853755878130485	5.002925942105284
287	60.84834948370549	4.99895663573327
288	60.84295043228439	4.994994263812462
289	60.83755871870052	4.991038820576344
290	60.83217433778723	4.9870903002584
291	60.826797284377825	4.983148697092111
292	60.82142755330566	4.979214005310963
293	60.81606513940406	4.975286219148435
294	60.81071003750636	4.971365332838014
295	60.80536224244589	4.967451340613181
296	60.80002174905599	4.963544236707419
297	60.79468855216999	4.959644015354212
298	60.78936264662122	4.955750670787043
299	60.78404402724303	4.951864197239393
300	60.77873268886873	4.947984588944749
301	60.773428626331665	4.94411184013659
302	60.768131834465166	4.940245945048402
303	60.762842308102584	4.936386897913667
304	60.75756004207722	4.932534692965866
305	60.752285031222435	4.928689324438487
306	60.74701727037156	4.924850786565008
307	60.74175675435791	4.921019073578916
308	60.73650347801483	4.91719417971369
309	60.73125743617566	4.913376099202818
310	60.726018623673724	4.909564826279778
311	60.72078703534236	4.905760355178057
312	60.7155626660149	4.901962680131136
313	60.71034551052468	4.898171795372498
314	60.70513556370503	4.894387695135627
315	60.699932820389286	4.890610373654006
316	60.69473727541078	4.8868398251611165
317	60.68954892360285	4.883076043890445
318	60.68436775979882	4.879319024075471
319	60.67919377883204	4.8755687599496795
320	60.674026975535824	4.871825245746553
321	60.66886734474351	4.868088475699574
322	60.66371488128845	4.864358444042226
323	60.658569580003956	4.860635145007993
324	60.65343143572337	4.856918572830358
325	60.64830044328002	4.853208721742802
326	60.643176597507264	4.849505585978809
327	60.6380598932384	4.845809159771864
328	60.63295032530678	4.842119437355448
329	60.627847888545745	4.838436412963045
330	60.62275257778861	4.834760080828136
331	60.617664387868714	4.8310904351842066
332	60.61258331361941	4.82742747026474
333	60.60750934987401	4.823771180303217
334	60.602442491465844	4.820121559533123
335	60.59738273322826	4.8164786021879396
336	60.592330069994595	4.812842302501149
337	60.587284496598166	4.809212654706238
338	60.582246007872314	4.8055896530366855
339	60.57721459865038	4.801973291725976
340	60.572190263765684	4.798363565007594
341	60.567172998051575	4.794760467115021
342	60.562162796341376	4.79116399228174
343	60.55715965346842	4.787574134741234
344	60.552163564266046	4.783990888726988
345	60.547174523567584	4.780414248472483
346	60.54219252620637	4.776844208211203
347	60.53721756701573	4.77328076217663
348	60.532249640829015	4.769723904602247
349	60.52728874247954	4.766173629721541
350	60.52233486680065	4.762629931767989
351	60.51738800862567	4.759092804975079
352	60.51244816278795	4.755562243576291
353	60.5075153241208	4.752038241805108
354	60.50258948745757	4.7485207938950165
355	60.497670647631594	4.745009894079496
356	60.49275879947619	4.741505536592032
357	60.48785393782471	4.738007715666106
358	60.48295605751048	4.734516425535199
359	60.478065153366835	4.7310316604328
360	60.4731812202271	4.727553414592387
361	60.46830425292462	4.724081682247445
362	60.46343424629273	4.720616457631456
363	60.458571195164744	4.717157734977905
364	60.45371509437402	4.713705508520274
365	60.44886593875388	4.710259772492044
366	60.44402372313766	4.706820521126702
367	60.439188442358684	4.703387748657728
368	60.434360091250305	4.699961449318607
369	60.42953866464584	4.69654161734282
370	60.42472415737863	4.693128246963852
371	60.419916564282005	4.689721332415186
372	60.415115880189305	4.686320867930302
373	60.41032209993385	4.682926847742688
374	60.40553521834899	4.679539266085823
375	60.40075523026805	4.676158117193191
376	60.39598213052436	4.672783395298278
377	60.391215913951264	4.669415094634562
378	60.38645657538209	4.666053209435532
379	60.381704109650165	4.662697733934665
380	60.37695851158883	4.659348662365447
381	60.37221977603142	4.656005988961363
382	60.36748789781127	4.6526697079558925
383	60.36276287176171	4.649339813582521
384	60.35804469271607	4.646016300074729
385	60.353333355507694	4.642699161666002
386	60.3486288549699	4.639388392589823
387	60.34393118593603	4.636083987079674
388	60.339240343239425	4.632785939369039
389	60.33455632171341	4.629494243691399
390	60.329879116191314	4.626208894280238
391	60.325208721506485	4.622929885369042
392	60.32054513249224	4.61965721119129
393	60.315888343981925	4.616390865980468
394	60.311238350808864	4.6131308439700565
395	60.306595147806405	4.60987713939354
396	60.301958729807865	4.606629746484403
397	60.29732909164659	4.603388659476125
398	60.292706228155915	4.600153872602192
399	60.28809013416916	4.596925380096086
400	60.28348080451966	4.5937031761912905
401	60.27887823404077	4.590487255121288
402	60.27428241756579	4.587277611119561
403	60.26969334992808	4.5840742384195945
404	60.26511102596097	4.58087713125487
405	60.26053544049779	4.577686283858871
406	60.25596658837187	4.57450169046508
407	60.25140446441654	4.571323345306982
408	60.24684906346515	4.568151242618058
409	60.24230038035101	4.564985376631792
410	60.23775840990748	4.561825741581666
411	60.23322314696788	4.558672331701164
412	60.228694586365535	4.555525141223769
413	60.224172722933794	4.552384164382965
414	60.21965755150599	4.549249395412233
415	60.21514906691544	4.5461208285450585
416	60.21064726399549	4.542998458014922
417	60.20615213757947	4.539882278055307
418	60.20166368250073	4.536772282899699
419	60.19718189359258	4.533668466781579
420	60.19270676568836	4.530570823934431
421	60.18823829362141	4.527479348591736
422	60.18377647222506	4.52439403498698
423	60.179321296332645	4.521314877353643
424	60.1748727607775	4.518241869925211
425	60.17043086039295	4.515175006935166
426	60.165995590012336	4.51211428261699
427	60.16156694446899	4.509059691204168
428	60.15714491859625	4.50601122693018
429	60.15272950722744	4.502968884028513
430	60.1483207051959	4.499932656732648
431	60.143918507334966	4.496902539276067
432	60.139522908477964	4.493878525892256
433	60.13513390345823	4.4908606108146945
434	60.13075148710911	4.487848788276867
435	60.12637565426392	4.484843052512259
436	60.122006399755996	4.48184339775435
437	60.11764371841869	4.478849818236625
438	60.11328760508531	4.475862308192567
439	60.1089380545892	4.472880861855658
440	60.104595061763696	4.469905473459383
441	60.10025862144214	4.466936137237222
442	60.09592872845785	4.463972847422661
443	60.09160537764416	4.4610155982491815
444	60.08728856383442	4.458064383950267
445	60.08297828186195	4.455119198759402
446	60.07867452656008	4.4521800369100655
447	60.07437729276216	4.449246892635745
448	60.0700865753015	4.446319760169922
449	60.06580236901146	4.443398633746078
450	60.06152466872535	4.440483507597699
451	60.057253469276525	4.437574375958265
452	60.0529887654983	4.434671233061262
453	60.04873055222402	4.43177407314017
454	60.04447882428702	4.428882890428474
455	60.04023357652062	4.425997679159657
456	60.035994803758165	4.423118433567202
457	60.031762500833	4.420245147884592
458	60.02753666257843	4.41737781634531
459	60.0233172838278	4.414516433182838
460	60.019104359414456	4.411660992630662
461	60.01489788417172	4.40881148892226
462	60.01069785293293	4.405967916291122
463	60.00650426053141	4.403130268970724
464	60.00231710180051	4.400298541194553
465	59.99813637157355	4.397472727196092
466	59.99396206468387	4.3946528212088225
467	59.9897941759648	4.39183881746623
468	59.98563270024968	4.389030710201795
469	59.981477632371835	4.3862284936490035
470	59.97732896716461	4.383432162041334
471	59.97318669946132	4.380641709612273
472	59.96905082409532	4.377857130595304
473	59.96492133589992	4.375078419223907
474	59.96079822970849	4.372305569731569
475	59.95668150035432	4.369538576351769
476	59.95257114267077	4.366777433317994
477	59.94846715149118	4.364022134863724
478	59.94436952164886	4.361272675222443
479	59.940278247977155	4.358529048627635
480	59.936193325309404	4.355791249312782
481	59.93211474847893	4.353059271511367
482	59.928042512319074	4.350333109456875
483	59.92397661166317	4.347612757382786
484	59.91991704134455	4.344898209522585
485	59.91586379619654	4.342189460109754
486	59.91181687105248	4.339486503377778
487	59.90777626074571	4.336789333560137
488	59.903741960109556	4.334097944890317
489	59.899713963977355	4.3314123316018005
490	59.89569226718244	4.328732487928068
491	59.891676864558136	4.3260584081026074
492	59.88766775093779	4.323390086358897
493	59.88366492115473	4.320727516930422
494	59.87966837004229	4.3180706940506655
495	59.875678092433795	4.31541961195311
496	59.87169408316259	4.312774264871239
497	59.86771633706201	4.310134647038535
498	59.863744848965375	4.307500752688481
499	59.85977961370603	4.304872576054563
500	59.855820626117314	4.30225011137026
501	59.85186788103254	4.299633352869057
502	59.84792137328506	4.297022294784436
503	59.84398109770821	4.294416931349881
504	59.8400470491353	4.2918172567988755
505	59.83611922239968	4.289223265364901
506	59.832197612334696	4.286634951281442
507	59.828282213773655	4.284052308781982
508	59.82437302154991	4.281475332100001
509	59.82047003049678	4.278904015468987
510	59.81657323544762	4.2763383531224175
511	59.81268263123574	4.273778339293781
512	59.808798212694484	4.271223968216556
513	59.804919974657196	4.268675234124228
514	59.80104791195719	4.266132131250279
515	59.79718201942781	4.263594653828193
516	59.79332229190239	4.261062796091453
517	59.78946872421426	4.258536552273541
518	59.785621311196756	4.256015916607942
519	59.781780047683206	4.253500883328137
520	59.77794492850696	4.250991446667609
521	59.77411594850133	4.248487600859843
522	59.770293102499664	4.245989340138321
523	59.766476385335295	4.243496658736527
524	59.76266579184155	4.2410095508879415
525	59.758861316851764	4.23852801082605
526	59.75506295519928	4.236052032784334
527	59.75127070171741	4.2335816109962785
528	59.74748455123951	4.231116739695365
529	59.7437044985989	4.2286574131150765
530	59.739930538628926	4.226203625488896
531	59.73616266616291	4.223755371050309
532	59.732400876034184	4.221312644032796
533	59.7286451630761	4.218875438669841
534	59.724895522121976	4.2164437491949265
535	59.721151948005144	4.214017569841534
536	59.71741443555894	4.211596894843151
537	59.713682979616706	4.209181718433257
538	59.709957575011764	4.206772034845336
539	59.70623821657746	4.204367838312871
540	59.702524899147114	4.201969123069345
541	59.69881761755407	4.199575883348243
542	59.69511636663165	4.197188113383044
543	59.69142114121321	4.194805807407235
544	59.68773193613206	4.192428959654297
545	59.68404874622154	4.190057564357713
546	59.680371566314996	4.187691615750968
547	59.676700391245745	4.185331108067541
548	59.67303521584713	4.1829760355409205
549	59.66937603495248	4.1806263924045854
550	59.66572284339513	4.17828217289202
551	59.66207563600841	4.175943371236707
552	59.65843440762567	4.173609981672131
553	59.65479915308022	4.171281998431775
554	59.65116986720541	4.16895941574912
555	59.64754654483456	4.1666422278576505
556	59.64392918080103	4.164330428990848
557	59.64031776993812	4.162024013382197
558	59.636712307079186	4.159722975265181
559	59.633112787057556	4.157427308873283
560	59.62951920470656	4.155137008439985
561	59.625931554859534	4.1528520681987695
562	59.62234983234982	4.150572482383121
563	59.61877403201073	4.148298245226522
564	59.615204148675616	4.146029350962458
565	59.611640177177804	4.143765793824408
566	59.60808211235064	4.141507568045856
567	59.60452994902744	4.139254667860287
568	59.60098368204154	4.137007087501184
569	59.59744330622629	4.134764821202027
570	59.59390881641501	4.132527863196303
571	59.59038020744103	4.130296207717492
572	59.586857474137695	4.128069848999077
573	59.58334061133833	4.125848781274545
574	59.57982961387627	4.123632998777375
575	59.57632447658486	4.121422495741053
576	59.572825194297415	4.119217266399058
577	59.56933176184728	4.117017304984877
578	59.565844174067784	4.114822605731991
579	59.56236242579227	4.112633162873884
580	59.55888651185406	4.11044897064404
581	59.55541642708649	4.108270023275939
582	59.551952166322906	4.106096315003067
583	59.54849372439662	4.103927840058905
584	59.545041096140984	4.101764592676937
585	59.541594276389326	4.099606567090648
586	59.53815325997497	4.097453757533517
587	59.53471804173126	4.09530615823903
588	59.53128861649152	4.0931637634406695
589	59.52786497908911	4.091026567371918
590	59.52444712435733	4.08889456426626
591	59.52103504712953	4.086767748357175
592	59.51762874223905	4.084646113878151
593	59.5142282045192	4.082529655062667
594	59.51083342880334	4.080418366144208
595	59.507444409924794	4.078312241356258
596	59.504061142716886	4.076211274932297
597	59.50068362201296	4.074115461105811
598	59.497311842646354	4.072024794110282
599	59.49394579945039	4.069939268179192
600	59.4905854872584	4.067858877546026
601	59.487230900903725	4.065783616444266
602	59.48388203521971	4.063713479107395
603	59.480538885039664	4.061648459768897
604	59.47720144519694	4.059588552662252
605	59.473869710524866	4.057533752020948
606	59.47054367585677	4.055484052078464
607	59.46722333602598	4.0534394470682855
608	59.46390868586586	4.051399931223893
609	59.46059972020971	4.049365498778773
610	59.45729643389087	4.047336143966405
611	59.45399882174269	4.045311861020274
612	59.450706878598496	4.043292644173864
613	59.44742059929161	4.041278487660655
614	59.44413997865538	4.039269385714134
615	59.44086501152314	4.037265332567781
616	59.4375956927282	4.035266322455081
617	59.43433201710393	4.033272349609515
618	59.43107397948364	4.031283408264567
619	59.427821574700666	4.029299492653722
620	59.42457479758834	4.02732059701046
621	59.42133364298001	4.025346715568265
622	59.41809810570899	4.023377842560622
623	59.41486818060863	4.02141397222101
624	59.41164386251226	4.019455098782918
625	59.4084251462532	4.017501216479824
626	59.4052120266648	4.015552319545211
627	59.40200449858038	4.013608402212567
628	59.398802556833296	4.011669458715369
629	59.39560619625686	4.0097354832871055
630	59.39241541168441	4.007806470161254
631	59.38923019794929	4.005882413571303
632	59.386050549884814	4.003963307750732
633	59.382876462324326	4.002049146933025
634	59.37970793010116	4.000139925351667
635	59.37654494804867	3.9982356372401378
636	59.373387511000146	3.9963362768319226
637	59.37023561378896	3.9944418383605034
638	59.36708925124843	3.9925523160593634
639	59.36394841821188	3.9906677041619867
640	59.36081310951266	3.9887879969018547
641	59.35768331998411	3.9869131885124527
642	59.35455904445954	3.9850432732272614
643	59.35144027777229	3.9831782452797646
644	59.34832701475571	3.981318098903447
645	59.34521925024312	3.979462828331789
646	59.342116979067846	3.9776124277982765
647	59.33902019606324	3.9757668915363897
648	59.33592889606263	3.973926213779613
649	59.33284307389934	3.9720903887614307
650	59.32976272440671	3.970259410715324
651	59.32668784241808	3.968433273874777
652	59.32361842276677	3.966611972473272
653	59.320554460286125	3.9647955007442923
654	59.317495949809484	3.962983852921322
655	59.314442886170156	3.961177023237842
656	59.311395264201494	3.959375005927338
657	59.30835307873683	3.9575777952232905
658	59.3053163246095	3.9557853853591842
659	59.30228499665282	3.9539977705685025
660	59.29925908970014	3.9522149450847266
661	59.2962385985848	3.9504369031413415
662	59.29322351814012	3.948663638971829
663	59.290213843199425	3.9468951468096725
664	59.287209568596076	3.9451314208883557
665	59.28421068916338	3.9433724554413607
666	59.281217199734684	3.9416182447021715
667	59.278229095143324	3.93986878290427
668	59.275246370222625	3.938124064281141
669	59.272269019805925	3.9363840830662653
670	59.269297038726556	3.934648833493127
671	59.26633042181786	3.9329183097952107
672	59.263369163913154	3.9311925062059965
673	59.260413259845784	3.929471416958971
674	59.25746270444909	3.9277550362876137
675	59.25451749255638	3.9260433584254093
676	59.25157761900101	3.9243363776058415
677	59.24864307861632	3.9226340880623924
678	59.24571386623562	3.9209364840285463
679	59.24278997669225	3.919243559737784
680	59.239871404819546	3.91755530942359
681	59.236958145450856	3.9158717273194483
682	59.2340501934195	3.9141928076588397
683	59.231147543558805	3.9125185446752497
684	59.22825019070212	3.910848932602159
685	59.22535812968277	3.9091839656730523
686	59.22247135533408	3.907523638121413
687	59.21958986248941	3.9058679441807223
688	59.21671364598206	3.904216878084465
689	59.21384270064539	3.9025704340661225
690	59.21097702131272	3.9009286063591793
691	59.20811660281739	3.899291389197119
692	59.20526143999273	3.897658776813422
693	59.202411527672076	3.896030763441575
694	59.19956686068876	3.8944073433150574
695	59.19672743387612	3.892788510667355
696	59.19389324206748	3.891174259731949
697	59.191064280096185	3.8895645847423235
698	59.18824054279556	3.887959479931962
699	59.18542202499894	3.8863589395343463
700	59.182608721539665	3.8847629577829608
701	59.179800627251055	3.8831715289112867
702	59.176997736966456	3.881584647152809
703	59.1742000455192	3.8800023067410097
704	59.171407547742625	3.878424501909372
705	59.16862023847005	3.87685122689138
706	59.165838112534814	3.875282475920515
707	59.163061164770255	3.8737182432302606
708	59.16028939000971	3.8721585230541016
709	59.1575227830865	3.8706033096255186
710	59.15476133883397	3.8690525971779963
711	59.15200505208545	3.8675063799450164
712	59.14925391767427	3.865964652160063
713	59.14650793043378	3.8644274080566197
714	59.14376708519728	3.862894641868168
715	59.14103137679814	3.8613663478281928
716	59.13830080006967	3.8598425201701745
717	59.13557534984522	3.8583231531275985
718	59.132855020958104	3.856808240933948
719	59.130139808241665	3.8552977778227038
720	59.12742970652925	3.853791758027352
721	59.12472471065417	3.8522901757813726
722	59.12202481544978	3.8507930253182505
723	59.11933001574939	3.8493003008714686
724	59.11664030638636	3.8478119966745097
725	59.113955682193996	3.8463281069608573
726	59.11127613800566	3.844848625963993
727	59.10860166865466	3.8433735479174023
728	59.10593226897434	3.8419028670545656
729	59.10326793379804	3.8404365776089673
730	59.100608657959086	3.8389746738140915
731	59.09795443629081	3.837517149903419
732	59.09530526362656	3.836064000110435
733	59.092661134799656	3.8346152186686213
734	59.090022044643426	3.833170799811461
735	59.087387987991214	3.831730737772438
736	59.08475895967636	3.830295026785034
737	59.08213495453218	3.828863661082734
738	59.07951596739202	3.8274366348990188
739	59.07690199308921	3.8260139424673727
740	59.074293026457084	3.8245955780212797
741	59.07168906232897	3.8231815357942205
742	59.069090095538215	3.8217718100196807
743	59.066496120918146	3.8203663949311415
744	59.063907133302095	3.8189652847620863
745	59.06132312752339	3.8175684737459994
746	59.058744098415374	3.816175956116362
747	59.05617004081138	3.814787726106659
748	59.05360094954473	3.813403777950372
749	59.051036819448775	3.8120241058809845
750	59.04847764535684	3.8106487041319803
751	59.04592342210225	3.8092775669368417
752	59.04337414451835	3.807910688529052
753	59.04082980743848	3.8065480631420936
754	59.03829040569595	3.8051896850094504
755	59.03575593412412	3.803835548364606
756	59.03322638755631	3.8024856474410416
757	59.03070176082585	3.8011399764722427
758	59.02818204876608	3.7997985296916896
759	59.02566724621034	3.798461301332868
760	59.02315734799194	3.7971282856292587
761	59.02065234894424	3.795799476814346
762	59.01815224390056	3.7944748691216135
763	59.015657027694246	3.7931544567845425
764	59.01316669515861	3.7918382340366183
765	59.010681241126996	3.790526195111322
766	59.008200660432756	3.789218334242137
767	59.005724947909194	3.787914645662548
768	59.003254098389654	3.786615123606036
769	59.00078810670748	3.7853197623060857
770	58.998326967696	3.7840285559961786
771	58.99587067618854	3.7827414989097985
772	58.99341922701844	3.781458585280429
773	58.99097261501903	3.7801798093415524
774	58.98853083502365	3.7789051653266528
775	58.98609388186563	3.7776346474692115
776	58.9836617503783	3.776368250002713
777	58.981234435395	3.77510596716064
778	58.978811931749064	3.773847793176475
779	58.97639423427382	3.772593722283703
780	58.9739813378026	3.7713437487158044
781	58.97157323716874	3.7700978667062635
782	58.969169927205584	3.768856070488564
783	58.96677140274645	3.7676183542961876
784	58.96437765862468	3.766384712362619
785	58.9619886896736	3.7651551389213394
786	58.95960449072656	3.763929628205834
787	58.95722505661688	3.7627081744495836
788	58.95485038217789	3.761490771886072
789	58.95248046224294	3.760277414748784
790	58.950115291645346	3.7590680972712005
791	58.94775486521845	3.7578628136868057
792	58.945399177795586	3.756661558229082
793	58.94304822421009	3.7554643251315123
794	58.940701999295285	3.7542711086275813
795	58.938360497884524	3.7530819029507696
796	58.936023714811114	3.751896702334563
797	58.93369164490841	3.750715501012442
798	58.931364283009735	3.749538293217891
799	58.929041623948436	3.7483650731843934
800	58.926723662557826	3.747195835145431
801	58.92441039367125	3.7460305733344885
802	58.92210181212205	3.744869281985047
803	58.91979791274355	3.7437119553305913
804	58.91749869036907	3.742558587604604
805	58.91520413983198	3.741409173040567
806	58.91291425596557	3.7402637058719654
807	58.9106290336032	3.7391221803322803
808	58.9083484675782	3.7379845906549956
809	58.90607255272391	3.7368509310735956
810	58.90380128387365	3.7357211958215606
811	58.90153465586076	3.7345953791323767
812	58.89927266351857	3.7334734752395247
813	58.89701530168042	3.732355478376488
814	58.89476256517963	3.731241382776751
815	58.89251444884956	3.7301311826737953
816	58.89027094752352	3.7290248723011055
817	58.888032056034845	3.727922445892163
818	58.885797769216886	3.726823897680452
819	58.88356808190296	3.725729221899454
820	58.8813429889264	3.7246384127826544
821	58.87912248512055	3.723551464563535
822	58.87690656531874	3.7224683714755784
823	58.874695224354305	3.721389127752269
824	58.87248845706057	3.7203137276270883
825	58.87028625827088	3.71924216533352
826	58.86808862281856	3.718174435105048
827	58.865895545536944	3.7171105311751536
828	58.86370702125938	3.7160504477773224
829	58.86152304481918	3.714994179145035
830	58.85934361104968	3.713941719511775
831	58.85716871478424	3.7128930631110277
832	58.854998350856164	3.7118482041762726
833	58.85283251409879	3.710807136940996
834	58.85067119934547	3.7097698556386787
835	58.848514401429526	3.708736354502804
836	58.846362115184284	3.7077066277668562
837	58.844214335443084	3.7066806696643178
838	58.84207105703927	3.705658474428672
839	58.83993227480616	3.704640036293401
840	58.83779798357709	3.7036253494919884
841	58.83566817818541	3.7026144082579187
842	58.83354285346443	3.701607206824672
843	58.83142200424749	3.700603739425734
844	58.82930562536794	3.6996040002945865
845	58.8271937116591	3.698607983664713
846	58.8250862579543	3.697615683769596
847	58.822983259086875	3.696627094842719
848	58.82088470989017	3.695642211117565
849	58.81879060519751	3.6946610268276174
850	58.81670093984223	3.693683536206359
851	58.81461570865766	3.6927097334872725
852	58.81253490647714	3.691739612903841
853	58.81045852813399	3.6907731686895486
854	58.808386568461565	3.6898103950778767
855	58.80631902229319	3.688851286302311
856	58.804255884462194	3.6878958365963306
857	58.802197149801906	3.6869440401934215
858	58.800142813145676	3.685995891327067
859	58.79809286932682	3.6850513842307477
860	58.796047313178676	3.68411051313795
861	58.794006139534595	3.683173272282154
862	58.79196934322789	3.6822396558968435
863	58.78993691909189	3.6813096582155027
864	58.78790886195996	3.680383273471614
865	58.7858851666654	3.6794604958986605
866	58.78386582804156	3.6785413197301247
867	58.78185084092177	3.67762573919949
868	58.779840200139375	3.676713748540241
869	58.77783390052768	3.675805341985858
870	58.77583193692005	3.674900513769826
871	58.7738343041498	3.673999258125627
872	58.77184099705027	3.6731015692867444
873	58.76985201045479	3.672207441486662
874	58.767867339196705	3.6713168689588627
875	58.76588697810933	3.670429845936829
876	58.76391092202601	3.669546366654043
877	58.76193916578007	3.6686664253439902
878	58.759971704204865	3.667790016240151
879	58.75800853213371	3.6669171335760105
880	58.75604964439993	3.6660477715850517
881	58.75409503583688	3.665181924500756
882	58.75214470127789	3.6643195865566085
883	58.75019863555628	3.6634607519860904
884	58.7482568335054	3.662605415022686
885	58.74631928995857	3.661753569899878
886	58.74438599974913	3.6609052108511495
887	58.74245695771041	3.6600603321099836
888	58.74053215867575	3.659218927909863
889	58.738611597478474	3.658380992484271
890	58.73669526895193	3.6575465200666915
891	58.734783167929436	3.656715504890606
892	58.73287528924433	3.6558879411894987
893	58.73097162772996	3.655063823196852
894	58.729072178219646	3.654243145146149
895	58.727176935546716	3.6534259012708743
896	58.72528589454451	3.6526120858045084
897	58.723399050046375	3.6518016929805364
898	58.72151639688562	3.6509947170324404
899	58.71963792989559	3.6501911521937034
900	58.71776364390963	3.649390992697809
901	58.71589353376106	3.6485942327782404
902	58.71402759428321	3.6478008666684802
903	58.71216582030942	3.647010888602011
904	58.710308206673034	3.646224292812317
905	58.708454748207366	3.6454410735328806
906	58.706605439745765	3.644661224997184
907	58.70476027612156	3.6438847414387134
908	58.70291925216807	3.6431116170909474
909	58.70108236271865	3.6423418461873727
910	58.699249602606635	3.6415754229614703
911	58.69742096666534	3.6408123416467237
912	58.69559644972811	3.6400525964766173
913	58.693776046628265	3.6392961816846325
914	58.69195975219917	3.6385430915042534
915	58.690147561274124	3.6377933201689623
916	58.68833946868647	3.637046861912242
917	58.686535469269565	3.6363037109675767
918	58.68473555785671	3.635563861568449
919	58.68293972928126	3.6348273079483424
920	58.681147978376536	3.6340940443407383
921	58.67936029997588	3.633364064979121
922	58.67757668891262	3.6326373640969747
923	58.675797140020094	3.6319139359277806
924	58.674021648131635	3.6311937747050225
925	58.67225020808058	3.6304768746621825
926	58.67048281470024	3.6297632300327454
927	58.66871946282399	3.6290528350501936
928	58.666960147285124	3.628345683948009
929	58.665204862916994	3.627641770959677
930	58.66345360455294	3.626941090318678
931	58.661706367026284	3.626243636258496
932	58.65996314517035	3.6255494030126165
933	58.658223933818505	3.624858384814519
934	58.656488727804046	3.6241705758976885
935	58.65475752196032	3.6234859704956075
936	58.65303031112067	3.6228045628417593
937	58.65130709011843	3.6221263471696266
938	58.64958785378691	3.621451317712692
939	58.64787259695947	3.620779468704441
940	58.64616131446944	3.6201107943783533
941	58.64445400115013	3.619445288967915
942	58.6427506518349	3.6187829467066064
943	58.64105126135708	3.6181237618279125
944	58.63935582454999	3.6174677285653165
945	58.637664336246964	3.6168148411522996
946	58.63597679128135	3.616165093822347
947	58.63429318448648	3.6155184808089404
948	58.63261351069568	3.6148749963455624
949	58.63093776474227	3.6142346346656984
950	58.62926594145962	3.613597390002829
951	58.62759803568103	3.6129632565904393
952	58.625934042239855	3.61233222866201
953	58.62427395596942	3.6117043004510254
954	58.622617771703055	3.6110794661909704
955	58.620965484274095	3.6104577201153245
956	58.619317088515885	3.6098390564575737
957	58.617672579261736	3.6092234694511993
958	58.616031951345	3.6086109533296846
959	58.61439519959901	3.6080015023265144
960	58.612762318857094	3.6073951106751694
961	58.611133303952585	3.6067917726091347
962	58.60950814971881	3.606191482361891
963	58.60788685098913	3.605594234166924
964	58.60626940259685	3.6050000222577143
965	58.60465579937531	3.6044088408677464
966	58.603046036157856	3.6038206842305036
967	58.601440107777805	3.603235546579468
968	58.59983800906849	3.602653422148124
969	58.59823973486326	3.6020743051699533
970	58.59664527999545	3.601498189878439
971	58.595054639298375	3.600925070507065
972	58.59346780760538	3.600354941289314
973	58.591884779749805	3.5997877964586693
974	58.59030555056496	3.599223630248613
975	58.58873011488421	3.5986624368926297
976	58.58715846754087	3.5981042106242014
977	58.58559060336827	3.597548945676811
978	58.584026517199746	3.596996636283943
979	58.58246620386865	3.5964472766790783
980	58.58090965820829	3.5959008610957013
981	58.579356875052014	3.5953573837672956
982	58.577807849233146	3.594816838927343
983	58.576262575585034	3.594279220809327
984	58.574721048941	3.5937445236467314
985	58.573183264134386	3.5932127416730375
986	58.57164921599852	3.5926838691217307
987	58.57011889936673	3.592157900226292
988	58.56859230907236	3.5916348292202067
989	58.567069439948746	3.5911146503369547
990	58.56555028682921	3.590597357810022
991	58.56403484454708	3.5900829458728905
992	58.56252310793571	3.5895714087590425
993	58.56101507182843	3.5890627407019626
994	58.55951073105856	3.5885569359351326
995	58.55801008045944	3.5880539886920366
996	58.55651311486441	3.5875538932061573
997	58.55501982910679	3.587056643710976
998	58.55353021801993	3.5865622344399792
999	58.55204427643716	3.5860706596266474
1000	58.55056199919179	3.585581913504465
1001	58.549083381117185	3.5850959903069133
1002	58.547608417046675	3.5846128842674774
1003	58.54613710181357	3.584132589619639
1004	58.544669430251226	3.5836551005968817
1005	58.54320539719296	3.5831804114326897
1006	58.54174499747213	3.5827085163605434
1007	58.54028822592204	3.5822394096139276
1008	58.53883507737604	3.5817730854263257
1009	58.53738554666748	3.58130953803122
1010	58.535939628629656	3.580848761662094
1011	58.53449731809592	3.58039075055243
1012	58.53305860989962	3.5799354989357113
1013	58.53162349887406	3.5794830010454217
1014	58.530191979852596	3.5790332511150433
1015	58.52876404766856	3.5785862433780613
1016	58.52733969715528	3.578141972067955
1017	58.52591892314609	3.57770043141821
1018	58.52450172047431	3.577261615662311
1019	58.523088083973306	3.576825519033737
1020	58.521678008476385	3.5763921357659734
1021	58.52027148881689	3.5759614600925036
1022	58.51886851982815	3.5755334862468087
1023	58.517469096343504	3.575108208462374
1024	58.51607321319628	3.574685620972682
1025	58.51468086521982	3.574265718011215
1026	58.513292047247454	3.573848493811456
1027	58.51190675411251	3.57343394260689
1028	58.51052498064833	3.573022058630997
1029	58.50914672168824	3.572612836117262
1030	58.50777197206558	3.5722062692991687
1031	58.50640072661367	3.571802352410198
1032	58.50503298016587	3.571401079683835
1033	58.503668727555485	3.5710024453535616
1034	58.50230796361587	3.5706064436528604
1035	58.50095068318035	3.570213068815217
1036	58.499596881082255	3.5698223150741115
1037	58.49824655215492	3.569434176663029
1038	58.496899691231675	3.5690486478154506
1039	58.495556293145874	3.5686657227648606
1040	58.49421635273083	3.568285395744743
1041	58.492879864819876	3.567907660988579
1042	58.49154682424637	3.5675325127298536
1043	58.49021722584361	3.5671599452020475
1044	58.48889106444495	3.566789952638645
1045	58.48756833488373	3.5664225292731304
1046	58.48624903199327	3.566057669338984
1047	58.484933150606906	3.5656953670696923
1048	58.48362068555798	3.5653356166987353
1049	58.482311631679806	3.564978412459597
1050	58.481005983805744	3.5646237485857615
1051	58.4797037367691	3.564271619310711
1052	58.47840488540324	3.5639220188679284
1053	58.47710942454147	3.5635749414908964
1054	58.475817349017134	3.5632303814131
1055	58.47452865366357	3.5628883328680203
1056	58.4732433333141	3.56254879008914
1057	58.471961382802064	3.562211747309945
1058	58.4706827969608	3.5618771987639155
1059	58.46940757062364	3.561545138684535
1060	58.46813569862391	3.5612155613052883
1061	58.466867175794945	3.560888460859657
1062	58.46560199697009	3.5605638315811245
1063	58.464340156982665	3.5602416677031736
1064	58.463081650666005	3.5599219634592885
1065	58.46182647285346	3.55960471308295
1066	58.460574618378345	3.5592899108076432
1067	58.459326082074	3.558977550866851
1068	58.45808085877376	3.558667627494055
1069	58.456838943310956	3.55836013492274
1070	58.45560033051893	3.558055067386388
1071	58.454365015231005	3.557752419118482
1072	58.45313299228051	3.5574521843525067
1073	58.45190425650079	3.5571543573219424
1074	58.45067880272517	3.556858932260275
1075	58.44945662578701	3.556565903400985
1076	58.4482377205196	3.556275264977557
1077	58.4470220817563	3.5559870112234746
1078	58.44580970433045	3.555701136372219
1079	58.44460058307537	3.5554176346572754
1080	58.443394712824386	3.5551365003121242
1081	58.44219208841086	3.5548577275702504
1082	58.4409927046681	3.5545813106651383
1083	58.43979655642944	3.5543072438302676
1084	58.43860363852823	3.554035521299124
1085	58.43741394579779	3.5537661373051894
1086	58.43622747307146	3.5534990860819478
1087	58.43504421518257	3.55323436186288
1088	58.43386416696447	3.5529719588814714
1089	58.43268732325046	3.552711871371205
1090	58.4315136788739	3.552454093565562
1091	58.43034322866812	3.5521986196980286
1092	58.42917596746645	3.551945444002084
1093	58.42801189010221	3.5516945607112134
1094	58.42685099140877	3.551445964058901
1095	58.425693266219426	3.551199648278627
1096	58.424538709367525	3.550955607603877
1097	58.423387315686405	3.5507138362681325
1098	58.422239080009405	3.550474328504877
1099	58.42109399716984	3.550237078547594
1100	58.41995206200105	3.5500020806297665
1101	58.41881326933638	3.549769328984877
1102	58.41767761400916	3.5495388178464085
1103	58.41654509085271	3.5493105414478445
1104	58.415415694700386	3.5490844940226696
1105	58.414289420385494	3.5488606698043625
1106	58.41316626274139	3.5486390630264117
1107	58.4120462166014	3.548419667922296
1108	58.41092927679885	3.548202478725499
1109	58.409815438167094	3.5479874896695076
1110	58.40870469553944	3.5477746949878006
1111	58.40759704374925	3.5475640889138624
1112	58.406492477629826	3.5473556656811764
1113	58.405390992014524	3.5471494195232265
1114	58.40429258173668	3.546945344673493
1115	58.403197241629606	3.546743435365461
1116	58.40210496652665	3.5465436858326145
1117	58.40101575126115	3.546346090308434
1118	58.399929590666424	3.546150643026405
1119	58.39884647957582	3.545957338220009
1120	58.39776641282267	3.5457661701227288
1121	58.39668938524031	3.5455771329680488
1122	58.395615391662055	3.545390220989452
1123	58.39454442692125	3.5452054284204206
1124	58.393476485851245	3.545022749494437
1125	58.39241156328534	3.5448421784449864
1126	58.3913496540569	3.5446637095055507
1127	58.39029075299925	3.544487336909612
1128	58.38923485494571	3.544313054890656
1129	58.388181954729625	3.5441408576821622
1130	58.38713204718432	3.543970739517616
1131	58.386085127143154	3.5438026946305015
1132	58.38504118943943	3.543636717254299
1133	58.38400022890649	3.543472801622493
1134	58.38296224037768	3.5433109419685667
1135	58.381927218686315	3.543151132526002
1136	58.380895158665744	3.542993367528284
1137	58.3798660551493	3.542837641208894
1138	58.3788399029703	3.5426839478013163
1139	58.37781669696209	3.5425322815390325
1140	58.37679643195802	3.542382636655527
1141	58.37577910279139	3.5422350073842828
1142	58.37476470429555	3.5420893879587814
1143	58.37375323130384	3.5419457726125088
1144	58.37274467864958	3.5418041555789443
1145	58.371739041166116	3.541664531091574
1146	58.37073631368677	3.54152689338388
1147	58.36973649104489	3.541391236689344
1148	58.3687395680738	3.541257555241452
1149	58.36774553960683	3.5411258432736843
1150	58.366754400477326	3.540996095019526
1151	58.365766145518606	3.5408683047124576
1152	58.364780769564014	3.540742466585965
1153	58.36379826744688	3.540618574873531
1154	58.36281863400055	3.540496623808635
1155	58.361841864058334	3.540376607624766
1156	58.36086795245359	3.5402585205554016
1157	58.359896894019634	3.5401423568340267
1158	58.3589286835898	3.5400281106941267
1159	58.35796331599743	3.5399157763691815
1160	58.35700078607586	3.539805348092676
1161	58.356041088658415	3.539696820098092
1162	58.355084218578426	3.539590186618914
1163	58.354130170669244	3.539485441888624
1164	58.35317893976418	3.5393825801407046
1165	58.35223052069658	3.5392815956086414
1166	58.351284908299775	3.539182482525914
1167	58.35034209740711	3.539085235126007
1168	58.3494020828519	3.538989847642405
1169	58.348464859467484	3.538896314308589
1170	58.34753042208721	3.538804629358043
1171	58.34659876554439	3.5387147870242495
1172	58.345669884672375	3.5386267815406924
1173	58.34474377430449	3.538540607140853
1174	58.34382042927407	3.538456258058216
1175	58.34289984441444	3.5383737285262655
1176	58.341982014558944	3.5382930127784813
1177	58.341066934540926	3.53821410504835
1178	58.340154599193696	3.5381369995693515
1179	58.3392450033506	3.53806169057497
1180	58.33833814184498	3.537988172298691
1181	58.33743400951015	3.537916438973993
1182	58.33653260117946	3.537846484834363
1183	58.33563391168623	3.5377783041132824
1184	58.33473793586381	3.5377118910442342
1185	58.33384466854551	3.537647239860702
1186	58.33295410456469	3.5375843447961683
1187	58.33206623875467	3.537523200084117
1188	58.33118106594878	3.5374637999580294
1189	58.33029858098037	3.5374061386513906
1190	58.32941877868276	3.5373502103976833
1191	58.328541653889275	3.5372960094303885
1192	58.327667201433265	3.5372435299829927
1193	58.326795416148066	3.5371927662889764
1194	58.325926292866995	3.5371437125818224
1195	58.3250598264234	3.5370963630950163
1196	58.324196011650606	3.5370507120620385
1197	58.32333484338195	3.537006753716374
1198	58.32247631645076	3.5369644822915047
1199	58.321620425690384	3.5369238920209143
1200	58.32076716593414	3.536884977138085
1201	58.31991653201537	3.5368477318765
1202	58.31906851876741	3.536812150469645
1203	58.318223121023586	3.5367782271509984
1204	58.31738033361724	3.5367459561540477
1205	58.31654015138169	3.536715331712273
1206	58.31570256915029	3.536686348059157
1207	58.31486758175635	3.5366589994281865
1208	58.31403518403323	3.5366332800528415
1209	58.313205370814245	3.5366091841666045
1210	58.312378136932736	3.536586706002961
1211	58.311553477222034	3.5365658397953927
1212	58.31073138651547	3.536546579777383
1213	58.30991185964639	3.536528920182414
1214	58.30909489144812	3.5365128552439713
1215	58.30828047675398	3.5364983791955344
1216	58.30746861039733	3.5364854862705886
1217	58.30665928721148	3.5364741707026175
1218	58.30585250202977	3.5364644267251024
1219	58.30504824968555	3.5364562485715276
1220	58.30424652501213	3.5364496304753756
1221	58.30344732284286	3.536444566670129
1222	58.30265063801106	3.536441051389273
1223	58.301856465350085	3.536439078866288
1224	58.301064799693236	3.5364386433346584
1225	58.300275635873874	3.5364397390278666
1226	58.299488968725335	3.536442360179397
1227	58.29870479308093	3.5364465010227315
1228	58.297923103773996	3.5364521557913533
1229	58.297143895637895	3.5364593187187467
1230	58.29636716350593	3.5364679840383917
1231	58.29559290221144	3.536478145983775
1232	58.294821106587776	3.536489798788378
1233	58.29405177146825	3.5365029366856824
1234	58.2932848916862	3.536517553909174
1235	58.29252046207497	3.536533644692334
1236	58.291758477467894	3.5365512032686466
1237	58.290998932698294	3.5365702238715935
1238	58.290241822599505	3.5365907007346586
1239	58.28948714200487	3.536612628091325
1240	58.288734885747715	3.5366360001750756
1241	58.287985048661376	3.5366608112193942
1242	58.287237625579195	3.5366870554577625
1243	58.28649261133449	3.536714727123664
1244	58.28575000076059	3.536743820450583
1245	58.28500978869086	3.5367743296720002
1246	58.28427196995861	3.5368062490214016
1247	58.28353653939717	3.5368395727322675
1248	58.28280349183988	3.5368742950380825
1249	58.282072822120085	3.536910410172329
1250	58.2813445250711	3.536947912368491
1251	58.28061859552626	3.536986795860052
1252	58.279895028318926	3.537027054880491
1253	58.2791738182824	3.5370686836632963
1254	58.27845496025002	3.537111676441949
1255	58.27773844905514	3.53715602744993
1256	58.27702427953107	3.5372017309207266
1257	58.276312446511156	3.5372487810878184
1258	58.27560294482873	3.5372971721846884
1259	58.274895769317126	3.5373468984448233
1260	58.27419091480967	3.537397954101702
1261	58.2734883761397	3.5374503333888105
1262	58.27278814814057	3.5375040305396293
1263	58.27209022564558	3.5375590397876446
1264	58.271394603488076	3.537615355366336
1265	58.270701276501406	3.537672971509188
1266	58.27001023951888	3.537731882449686
1267	58.26932148737385	3.537792082421309
1268	58.26863501489964	3.537853565657543
1269	58.26795081692959	3.53791632639187
1270	58.26726888829703	3.537980358857773
1271	58.26658922383529	3.5380456572887353
1272	58.26591181837772	3.5381122159182397
1273	58.26523666675762	3.5381800289797702
1274	58.264563763808354	3.5382490907068087
1275	58.263893104363255	3.5383193953328393
1276	58.263224683255636	3.538390937091343
1277	58.26255849531885	3.538463710215806
1278	58.26189453538622	3.5385377089397085
1279	58.26123279829108	3.5386129274965343
1280	58.26057327886677	3.5386893601197684
1281	58.25991597194662	3.5387670010428924
1282	58.25926087236397	3.538845844499388
1283	58.25860797495213	3.538925884722741
1284	58.25795727454446	3.5390071159464322
1285	58.25730876597429	3.5390895324039455
1286	58.256662444074934	3.539173128328764
1287	58.256018303679745	3.5392578979543714
1288	58.25537633962206	3.5393438355142504
1289	58.254736546735195	3.5394309352418825
1290	58.25409891985249	3.539519191370752
1291	58.253463453807285	3.5396085981343433
1292	58.25283014343291	3.539699149766138
1293	58.25219898356269	3.53979084049962
1294	58.25156996902997	3.53988366456827
1295	58.250943094668095	3.539977616205573
1296	58.25031835531037	3.5400726896450125
1297	58.24969574579014	3.540168879120072
1298	58.24907526094076	3.5402661788642313
1299	58.248456895595524	3.5403645831109767
1300	58.24784064458778	3.5404640860937917
1301	58.24722650275089	3.5405646820461545
1302	58.24661446491815	3.540666365201553
1303	58.24600452592291	3.5407691297934707
1304	58.24539668059851	3.5408729700553865
1305	58.244790923778275	3.5409778802207863
1306	58.24418725029554	3.541083854523153
1307	58.24358565498363	3.541190887195968
1308	58.242986132675895	3.5412989724727177
1309	58.24238867820566	3.541408104586882
1310	58.241793286406256	3.541518277771946
1311	58.241199952111025	3.5416294862613906
1312	58.24060867015329	3.5417417242887
1313	58.24001943536639	3.5418549860873583
1314	58.23943224258365	3.5419692658908466
1315	58.23884708663843	3.54208455793265
1316	58.23826396236404	3.5422008564462493
1317	58.23768286459381	3.5423181556651295
1318	58.23710378816109	3.542436449822773
1319	58.23652672789921	3.542555733152663
1320	58.23595167864149	3.5426759998882824
1321	58.23537863522129	3.542797244263114
1322	58.23480759247192	3.542919460510642
1323	58.23423854522671	3.5430426428643464
1324	58.23367148831902	3.5431667855577147
1325	58.23310641658215	3.5432918828242266
1326	58.232543324849466	3.543417928897366
1327	58.231982207954275	3.5435449180106184
1328	58.23142306072994	3.5436728443974626
1329	58.230865878009766	3.5438017022913835
1330	58.2303106546271	3.5439314859258664
1331	58.229757385415276	3.5440621895343902
1332	58.22920606520762	3.544193807350441
1333	58.228656688837475	3.5443263336075015
1334	58.22810925113818	3.5444597625390544
1335	58.22756374694304	3.544594088378582
1336	58.227020171085414	3.544729305359568
1337	58.22647851839863	3.5448654077154966
1338	58.22593878371603	3.5450023896798486
1339	58.225400961870925	3.5451402454861083
1340	58.22486504769667	3.545278969367759
1341	58.22433103602659	3.545418555558283
1342	58.22379892169401	3.5455589982911655
1343	58.223268699532284	3.545700291799886
1344	58.22274036437474	3.5458424303179292
1345	58.22221391105469	3.5459854080787805
1346	58.22168933440549	3.5461292193159197
1347	58.221166629260466	3.546273858262831
1348	58.220645790452956	3.546419319152997
1349	58.22012681281629	3.546565596219903
1350	58.21960969118379	3.5467126836970286
1351	58.21909442038882	3.5468605758178584
1352	58.21858099526469	3.5470092668158784
1353	58.21806941064473	3.547158750924565
1354	58.217559661362294	3.5473090223774086
1355	58.217051742250696	3.5474600754078867
1356	58.21654564814328	3.547611904249484
1357	58.21604137387338	3.5477645031356864
1358	58.21553891427432	3.5479178662999735
1359	58.21503826417944	3.5480719879758293
1360	58.21453941842208	3.5482268623967363
1361	58.21404237183557	3.54838248379618
1362	58.213547119253235	3.548538846407641
1363	58.21305365550841	3.548695944464603
1364	58.21256197543445	3.54885377220055
1365	58.21207207386466	3.549012323848963
1366	58.211583945632384	3.549171593643327
1367	58.21109758557096	3.549331575817126
1368	58.210612988513724	3.549492264603839
1369	58.210130149293995	3.549653654236953
1370	58.20964906274512	3.5498157389499494
1371	58.20916972370043	3.54997851297631
1372	58.208692126993256	3.5501419705495216
1373	58.208216267456926	3.5503061059030645
1374	58.2077421399248	3.5504709132704213
1375	58.20726973923017	3.5506363868850763
1376	58.2067990602064	3.5508025209805125
1377	58.206330097686816	3.5509693097902133
1378	58.20586284650475	3.5511367475476603
1379	58.205397301493534	3.5513048284863395
1380	58.20493345748651	3.5514735468397296
1381	58.204471309317	3.551642896841317
1382	58.20401085181834	3.551812872724584
1383	58.20355207982387	3.5519834687230123
1384	58.203094988166924	3.5521546790700866
1385	58.202639571680834	3.55232649799929
1386	58.202185825198924	3.5524989197441057
1387	58.20173374355454	3.552671938538014
1388	58.20128332158101	3.5528455486145023
1389	58.20083455411166	3.55301974420705
1390	58.20038743597985	3.5531945195491415
1391	58.199941962018876	3.5533698688742623
1392	58.1994981270621	3.553545786415891
1393	58.19905592594285	3.553722266407511
1394	58.198615353494446	3.553899303082611
1395	58.19817640455024	3.554076890674669
1396	58.19773907394355	3.5542550234171686
1397	58.19730335650773	3.554433695543594
1398	58.19686924707609	3.554612901287428
1399	58.19643674048197	3.5547926348821526
1400	58.19600583155872	3.554972890561252
1401	58.195576515139656	3.55515366255821
1402	58.19514878605811	3.5553349451065066
1403	58.19472263914744	3.555516732439629
1404	58.19429806924095	3.5556990187910578
1405	58.19387507117199	3.555881798394276
1406	58.193453639773885	3.556065065482767
1407	58.193033769879975	3.556248814290015
1408	58.192615456323594	3.5564330390495007
1409	58.19219869393807	3.5566177339947087
1410	58.19178347755674	3.556802893359123
1411	58.191369802012936	3.556988511376226
1412	58.19095766213999	3.557174582279498
1413	58.19054705277125	3.557361100302426
1414	58.19013796874003	3.557548059678491
1415	58.189730404879676	3.5577354546411764
1416	58.18932435602352	3.557923279423966
1417	58.18891981700488	3.5581115282603415
1418	58.18851678265711	3.5583001953837874
1419	58.188115247813535	3.558489275027786
1420	58.1877152073075	3.5586787614258193
1421	58.18731665597231	3.5588686488113725
1422	58.186919588641324	3.559058931417928
1423	58.18652400014788	3.5592496034789676
1424	58.186129885325286	3.5594406592279757
1425	58.1857372390069	3.5596320928984353
1426	58.18534605602604	3.5598238987238293
1427	58.18495633121604	3.560016070937639
1428	58.184568059410246	3.5602086037733516
1429	58.184181235441976	3.560401491464445
1430	58.183795854144584	3.5605947282444053
1431	58.18341191035138	3.560788308346717
1432	58.18302939889571	3.56098222600486
1433	58.18264831461092	3.561176475452319
1434	58.18226865233032	3.5613710509225767
1435	58.18189040688725	3.561565946649115
1436	58.181513573115055	3.5617611568654204
1437	58.18113814584706	3.5619566758049728
1438	58.18076411991659	3.5621524977012555
1439	58.180391490157	3.5623486167877525
1440	58.1800202514016	3.562545027297948
1441	58.179650398483744	3.562741723465323
1442	58.179281926236754	3.5629386995233596
1443	58.17891482949397	3.563135949705544
1444	58.17854910308871	3.563333468245358
1445	58.17818474185433	3.563531249376283
1446	58.17782174062416	3.563729287331805
1447	58.17746009423151	3.5639275763454052
1448	58.17709979750974	3.5641261106505655
1449	58.17674084529218	3.5643248844807736
1450	58.17638323241215	3.5645238920695084
1451	58.17602695370299	3.564723127650251
1452	58.17567200399803	3.564922585456491
1453	58.175318378130626	3.5651222597217074
1454	58.174966070934076	3.565322144679383
1455	58.17461507724174	3.5655222345630024
1456	58.17426539188695	3.565722523606047
1457	58.17391700970302	3.565923006042001
1458	58.1735699255233	3.5661236761043473
1459	58.173224134181126	3.56632452802657
1460	58.17287963050982	3.56652555604215
1461	58.17253640934272	3.566726754384572
1462	58.172194465513165	3.566928117287319
1463	58.17185379385448	3.5671296389838725
1464	58.171514389200006	3.567331313707717
1465	58.17117624638307	3.567533135692336
1466	58.17083936023702	3.56773509917121
1467	58.17050372559517	3.5679371983778245
1468	58.17016933729086	3.568139427545664
1469	58.16983619015743	3.5683417809082076
1470	58.16950427902821	3.568544252698941
1471	58.16917359873653	3.568746837151345
1472	58.16884414411574	3.5689495284989055
1473	58.168515909999144	3.5691523209751046
1474	58.16818889122009	3.5693552088134246
1475	58.16786308261192	3.5695581862473484
1476	58.167538479007966	3.569761247510359
1477	58.16721507524155	3.5699643868359434
1478	58.166892866146014	3.570167598457578
1479	58.166571846554696	3.57037087660875
1480	58.16625201130092	3.5705742155229423
1481	58.165933355218016	3.570777609433637
1482	58.16561587313934	3.570981052574318
1483	58.165299559898195	3.5711845391784682
1484	58.16498441032793	3.571388063479569
1485	58.164670419261896	3.5715916197111053
1486	58.164357581533395	3.5717952021065607
1487	58.164045891975775	3.5719988048994162
1488	58.16373534542237	3.5722024223231563
1489	58.16342593670652	3.5724060486112634
1490	58.16311766066154	3.572609677997222
1491	58.16281051212078	3.5728133047145114
1492	58.16250448591757	3.5730169229966195
1493	58.16219957688524	3.5732205270770274
1494	58.16189577985713	3.5734241111892153
1495	58.161593089666574	3.573627669566671
1496	58.16129150114689	3.5738311964428755
1497	58.16099100913142	3.57403468605131
1498	58.16069160845351	3.5742381326254615
1499	58.160393293946484	3.5744415303988113
1500	58.16009606044367	3.574644873604841
1501	58.15979990277841	3.5748481564770334
1502	58.15950481578404	3.575051373248875
1503	58.159210794293884	3.5752545181538458
1504	58.158917833141274	3.5754575854254296
1505	58.15862592715956	3.575660569297111
1506	58.15833507118206	3.575863464002369
1507	58.1580452600421	3.576066263774692
1508	58.15775648857305	3.57626896284756
1509	58.15746875160821	3.576471555454457
1510	58.15718204398091	3.576674035828864
1511	58.156896360524506	3.5768763982042673
1512	58.15661169607233	3.5770786368141474
1513	58.156328045457705	3.5772807458919877
1514	58.156045403513964	3.577482719671274
1515	58.155763765074454	3.577684552385486
1516	58.155483124972484	3.5778862382681065
1517	58.15520347804141	3.5780877715526236
1518	58.15492481911456	3.5782891464725135
1519	58.154647143025265	3.5784903572612645
1520	58.154370444606855	3.5786913981523583
1521	58.15409471869267	3.5788922633792755
1522	58.153819960116046	3.579092947175502
1523	58.15354616371031	3.5792934437745196
1524	58.1532733243088	3.5794937474098134
1525	58.153001436744844	3.5796938523148625
1526	58.15273049585178	3.5798937527231534
1527	58.152460496462936	3.5800934428681677
1528	58.15219143341166	3.5802929169833893
1529	58.15192330153127	3.580492169302301
1530	58.1516560956551	3.5806911940583834
1531	58.1513898106165	3.580889985485124
1532	58.15112444124879	3.581088537816004
1533	58.1508599823853	3.581286845284505
1534	58.15059642885937	3.58148490212411
1535	58.15033377550434	3.5816827025683056
1536	58.15007201715353	3.5818802408505714
1537	58.14981114864028	3.5820775112043908
1538	58.149551164797934	3.5822745078632487
1539	58.149292060459814	3.5824712250606283
1540	58.149033830459246	3.582667657030009
1541	58.14877646962958	3.582863798004878
1542	58.14851997280414	3.5830596422187173
1543	58.14826433481626	3.5832551839050053
1544	58.14800955049928	3.5834504172972337
1545	58.14775561468653	3.5836453366288787
1546	58.14750252221134	3.5838399361334257
1547	58.14725026790705	3.5840342100443587
1548	58.14699884660699	3.58422815259516
1549	58.14674825314449	3.5844217580193116
1550	58.14649848235288	3.5846150205502965
1551	58.146249529065514	3.584807934421601
1552	58.14600138811571	3.5850004938667035
1553	58.1457540543368	3.5851926931190903
1554	58.14550752256213	3.585384526412245
1555	58.14526178762502	3.5855759879796474
1556	58.1450168443588	3.5857670720547823
1557	58.14477268759682	3.5859577728711343
1558	58.14452931217241	3.586148084662183
1559	58.1442867129189	3.5863380016614146
1560	58.14404488466961	3.5865275181023115
1561	58.1438038222579	3.5867166282183565
1562	58.14356352051709	3.5869053262430306
1563	58.143323974280506	3.5870936064098213
1564	58.1430851783815	3.587281462952207
1565	58.14284712765338	3.5874688901036724
1566	58.14260981692951	3.587655882097705
1567	58.1423732410432	3.5878424331677796
1568	58.1421373948278	3.588028537547386
1569	58.14190227311663	3.588214189470004
1570	58.14166787074303	3.5883993831691168
1571	58.14143418254034	3.5885841128782094
1572	58.14120120334187	3.5887683728307627
1573	58.14096892798098	3.588952157260261
1574	58.140737351290994	3.5891354604001866
1575	58.140506468105244	3.589318276484024
1576	58.140276273257065	3.589500599745255
1577	58.1400467615798	3.5896824244173615
1578	58.139817927906755	3.5898637447338304
1579	58.13958976707129	3.590044554928141
1580	58.13936227390673	3.5902248492337767
1581	58.13913544324642	3.590404621884225
1582	58.138909269923666	3.590583867112962
1583	58.13868374877182	3.590762579153476
1584	58.13845887462422	3.590940752239248
1585	58.13823464231419	3.591118380603762
1586	58.13801104667506	3.591295458480499
1587	58.13778808254018	3.5914719801029458
1588	58.13756574474287	3.5916479397045835
1589	58.13734402811647	3.591823331518891
1590	58.13712292749432	3.591998149779359
1591	58.13690243770973	3.592172388719466
1592	58.13668255359605	3.5923460425726943
1593	58.13646326998661	3.5925191055725305
1594	58.13624458171476	3.5926915719524564
1595	58.13602648361381	3.5928634359459526
1596	58.135808970517104	3.593034691786504
1597	58.13559203725798	3.593205333707595
1598	58.13537567866975	3.5933753559427055
1599	58.13515988958578	3.5935447527253204
1600	58.13494466483938	3.5937135182889253
1601	58.13472999926389	3.593881646866998
1602	58.13451588769264	3.594049132693024
1603	58.13430232495897	3.594215970000489
1604	58.134089305896225	3.5943821530228726
1605	58.13387682533771	3.5945476759936588
1606	58.133664878116775	3.5947125331463305
1607	58.133453459066764	3.5948767187143713
1608	58.133242563020985	3.595040226931265
1609	58.13303218481279	3.5952030520304925
1610	58.13282231927551	3.595365188245539
1611	58.13261296124248	3.595526629809885
1612	58.132404105547025	3.5956873709570174
1613	58.132195747022486	3.595847405920416
1614	58.131987880502194	3.5960067289335638
1615	58.13178050081948	3.5961653342299473
1616	58.13157360280768	3.5963232160430447
1617	58.131367181300135	3.596480368606342
1618	58.13116123113017	3.5966367861533235
1619	58.13095574713112	3.59679246291747
1620	58.13075072413632	3.596947393132266
1621	58.1305461569791	3.5971015710311924
1622	58.13034204049279	3.597254990847735
1623	58.130138369510746	3.5974076468153724
1624	58.12993513886627	3.597559533167594
1625	58.12973234339272	3.5977106441378788
1626	58.12952997792342	3.5978609739597096
1627	58.12932803729171	3.598010516866573
1628	58.129126516330906	3.598159267091947
1629	58.128925409874356	3.5983072188693175
1630	58.12872471275539	3.5984543664321706
1631	58.12852441980735	3.5986007040139825
1632	58.128324525863555	3.598746225848242
1633	58.128125025757356	3.598890926168429
1634	58.12792591432206	3.599034799208028
1635	58.12772718639103	3.5991778392005203
1636	58.12752883679759	3.5993200403793923
1637	58.12733086037506	3.599461396978126
1638	58.127133251956785	3.5996019032302
1639	58.1269360063761	3.5997415533691033
1640	58.12673911846634	3.599880341628316
1641	58.126542583060825	3.600018262241321
1642	58.1263463949929	3.6001553094416043
1643	58.126150549095904	3.6002914774626458
1644	58.12595504020316	3.600426760537928
1645	58.125759863148	3.6005611529009376
1646	58.12556501276377	3.6006946487851543
1647	58.12537048388379	3.6008272424240637
1648	58.1251762713414	3.6009589280511465
1649	58.12498236996994	3.6010896998998874
1650	58.124788774602735	3.6012195522037684
1651	58.12459548007312	3.6013484791962727
1652	58.124402481214425	3.601476475110886
1653	58.12420977286	3.601603534181087
1654	58.12401734984315	3.601729650640361
1655	58.12382520699723	3.6018548187221917
1656	58.123633339155575	3.6019790326600614
1657	58.12344174115151	3.602102286687453
1658	58.12325040781837	3.6022245750378494
1659	58.12305933398949	3.602345891944735
1660	58.1228685144982	3.602466231641591
1661	58.12267794417783	3.6025855883619013
1662	58.12248761786173	3.6027039563391496
1663	58.12229753038323	3.602821329806818
1664	58.122107676575645	3.6029377029983913
1665	58.12191805127232	3.6030530701473493
1666	58.1217286493066	3.6031674254871766
1667	58.1215394655118	3.6032807632513593
1668	58.12135049472126	3.603393077673375
1669	58.121161731768325	3.6035043629867114
1670	58.12097317148631	3.6036146134248495
1671	58.120784808708564	3.6037238232212703
1672	58.12059663826841	3.6038319866094617
1673	58.12040865499919	3.6039390978229036
1674	58.120220853734224	3.60404515109508
1675	58.12003322930686	3.6041501406594727
1676	58.119845776550434	3.6042540607495672
1677	58.119658490298264	3.6043569055988445
1678	58.11947136538369	3.604458669440787
1679	58.119284396640055	3.604559346508881
1680	58.11909757890068	3.6046589310366057
1681	58.118910906998906	3.6047574172574466
1682	58.11872437576806	3.6048547994048863
1683	58.11853798004148	3.6049510717124096
1684	58.118351714652505	3.6050462284134936
1685	58.11816557443446	3.6051402637416294
1686	58.11797955422068	3.6052331719302955
1687	58.1177936488445	3.605324947212973
1688	58.11760785313925	3.60541558382315
1689	58.11742216193828	3.605505075994307
1690	58.117236570074894	3.605593417959926
1691	58.11705107238245	3.605680603953492
1692	58.116865663694284	3.605766628208488
1693	58.11668033884371	3.605851484958396
1694	58.11649509266407	3.605935168436699
1695	58.116309919988694	3.606017672876881
1696	58.116124815650934	3.6060989925124254
1697	58.1159397744841	3.6061791215768118
1698	58.115754791321535	3.6062580543035274
1699	58.11556986099658	3.6063357849260544
1700	58.11538497834256	3.6064123076778745
1701	58.115200138192805	3.6064876167924735
1702	58.11501533538066	3.606561706503329
1703	58.11483056473945	3.6066345710439287
1704	58.11464582110251	3.6067062046477565
1705	58.114461099303185	3.6067766015482916
1706	58.11427639417479	3.6068457559790206
1707	58.11409170055066	3.606913662173424
1708	58.11390701326414	3.6069803143649852
1709	58.11372232714857	3.6070457067871886
1710	58.11353763703726	3.607109833673516
1711	58.113352937763565	3.607172689257452
1712	58.11316822416081	3.607234267772476
1713	58.11298349106232	3.607294563452077
1714	58.11279873330144	3.607353570529733
1715	58.11261394571151	3.6074112832389282
1716	58.11242912312584	3.6074676958131473
1717	58.112244260377786	3.6075228024858728
1718	58.11205935230067	3.6075765974905867
1719	58.11187439372784	3.607629075060773
1720	58.1116893794926	3.607680229429913
1721	58.111504304428315	3.607730054831492
1722	58.11131916336831	3.607778545498994
1723	58.1111339511459	3.6078256956658983
1724	58.11094866259444	3.6078714995656904
1725	58.11076329254727	3.607915951431853
1726	58.110577835837695	3.6079590454978696
1727	58.110392287299064	3.608000775997222
1728	58.11020664176472	3.6080411371633967
1729	58.11002089406798	3.6080801232298727
1730	58.10983503904218	3.6081177284301313
1731	58.109649071520664	3.6081539469976627
1732	58.109462986336766	3.608188773165945
1733	58.1092767783238	3.60822220116846
1734	58.10909044231512	3.6082542252386953
1735	58.10890397314406	3.608284839610133
1736	58.10871736564394	3.6083140385162507
1737	58.108530614648096	3.60834181619054
1738	58.10834371498988	3.608368166866478
1739	58.10815666150259	3.608393084777547
1740	58.10796944901959	3.6084165641572366
1741	58.10778207237421	3.6084385992390247
1742	58.10759452639977	3.6084591842563936
1743	58.107406805929614	3.608478313442829
1744	58.10721890579707	3.608495981031813
1745	58.10703082083549	3.6085121812568284
1746	58.10684254587817	3.608526908351358
1747	58.10665407575848	3.608540156548888
1748	58.10646540530974	3.608551920082897
1749	58.106276529365275	3.60856219318687
1750	58.10608744275843	3.608570970094291
1751	58.105898140322545	3.6085782450386414
1752	58.10570861689093	3.608584012253405
1753	58.10551886729694	3.6085882659720654
1754	58.10532888637389	3.608591000428104
1755	58.10513866895514	3.608592209855006
1756	58.104948209873996	3.6085918884862536
1757	58.10475750396381	3.6085900305553285
1758	58.10456654605791	3.6085866302957172
1759	58.104375330989626	3.6085816819408993
1760	58.104183853592296	3.6085751797243586
1761	58.10399210869926	3.6085671178795793
1762	58.10380009114383	3.6085574906400435
1763	58.10360779575936	3.6085462922392355
1764	58.10341521737917	3.608533516910635
1765	58.10322235083662	3.6085191588877317
1766	58.103029190965	3.6085032124040013
1767	58.10283573259768	3.608485671692931
1768	58.10264197056799	3.6084665309880037
1769	58.10244789970924	3.6084457845227
1770	58.10225351485479	3.6084234265305053
1771	58.10205881083796	3.6083994512449027
1772	58.101863782492075	3.6083738528993736
1773	58.101668424650484	3.608346625727403
1774	58.101472732146526	3.6083177639624724
1775	58.10127669981351	3.6082872618380666
1776	58.10108032248479	3.608255113587665
1777	58.1008835949937	3.6082213134447567
1778	58.10068651217357	3.608185855642819
1779	58.10048906885771	3.608148734415336
1780	58.10029125987949	3.608109943995795
1781	58.100093080072234	3.6080694786176757
1782	58.09989452426926	3.608027332514459
1783	58.09969558730391	3.6079834999196327
1784	58.099496264009524	3.607937975066679
1785	58.09929654921943	3.6078907521890757
1786	58.09909643776696	3.607841825520312
1787	58.09889592448545	3.607791189293871
1788	58.09869500420823	3.607738837743228
1789	58.098493671768644	3.607684765101876
1790	58.098291922000016	3.607628965603293
1791	58.098089749735685	3.6075714334809614
1792	58.097887149808976	3.6075121629683666
1793	58.09768411705323	3.607451148298991
1794	58.09748064630178	3.607388383706316
1795	58.09727673238796	3.6073238634238263
1796	58.0970723701451	3.6072575816850057
1797	58.096867554406536	3.6071895327233348
1798	58.0966622800056	3.607119710772299
1799	58.09645654177562	3.607048110065381
1800	58.09625033454995	3.606974724836061
1801	58.09604365316191	3.6068995493178257
1802	58.095836492444825	3.6068225777441576
1803	58.09562884723204	3.606743804348538
1804	58.09542071235689	3.6066632233644516
1805	58.0952120826527	3.6065808290253814
1806	58.095002952952804	3.606496615564808
1807	58.09479331809055	3.6064105772162174
1808	58.094583172899256	3.606322708213092
1809	58.09437251221226	3.606233002788914
1810	58.094161330862896	3.6061414551771658
1811	58.0939496236845	3.6060480596113327
1812	58.0937373855104	3.6059528103248977
1813	58.09352461117394	3.60585570155134
1814	58.09331129550844	3.6057567275241498
1815	58.093097433347246	3.605655882476802
1816	58.09288301952368	3.6055531606427844
1817	58.09266804887109	3.6054485562555816
1818	58.0924525162228	3.6053420635486715
1819	58.092236416412135	3.6052336767555393
1820	58.09201974427245	3.605123390109671
1821	58.091802494637065	3.605011197844547
1822	58.09158466233931	3.60489709419365
1823	58.09136624221252	3.6047810733904644
1824	58.09114722909005	3.604663129668472
1825	58.0909276178052	3.604543257261157
1826	58.090707403191324	3.6044214504020022
1827	58.09048658008176	3.60429770332449
1828	58.09026514330982	3.604172010262102
1829	58.09004308770886	3.6040443654483267
1830	58.0898204081122	3.6039147631166433
1831	58.089597099353185	3.603783197500531
1832	58.08937315626513	3.6036496628334804
1833	58.089148573681385	3.6035141533489714
1834	58.08892334643529	3.6033766632804847
1835	58.088697469360156	3.603237186861509
1836	58.08847093728933	3.6030957183255232
1837	58.08824374505615	3.602952251906007
1838	58.08801588749393	3.6028067818364504
1839	58.08778735943602	3.602659302350336
1840	58.08755815571576	3.60250980768114
1841	58.08732827116646	3.6023582920623527
1842	58.08709770062148	3.602204749727455
1843	58.08686643891414	3.6020491749099275
1844	58.08663448087777	3.6018915618432543
1845	58.0864018213457	3.6017319047609218
1846	58.08616845515129	3.601570197896409
1847	58.08593437712785	3.6014064354832
1848	58.08569958210871	3.6012406117547817
1849	58.085464064927216	3.601072720944631
1850	58.08522782041671	3.600902757286233
1851	58.0849908434105	3.6007307150130736
1852	58.08475312874194	3.600556588358633
1853	58.08451467124436	3.6003803715563953
1854	58.084275465751084	3.600202058839844
1855	58.08403550709545	3.60002164444246
1856	58.0837947901108	3.5998391225977295
1857	58.08355330963047	3.5996544875391323
1858	58.083311060487766	3.599467733500154
1859	58.08306803751605	3.599278854714276
1860	58.08282423554865	3.599087845414985
1861	58.08257964941889	3.598894699835759
1862	58.082334273960115	3.5986994122100824
1863	58.08208810400565	3.5985019767714412
1864	58.08184113438883	3.5983023877533156
1865	58.08159335994299	3.598100639389188
1866	58.08134477550147	3.5978967259125465
1867	58.08109537589759	3.5976906415568664
1868	58.080845155964695	3.5974823805556375
1869	58.08059411053611	3.5972719371423407
1870	58.08034223444518	3.597059305550457
1871	58.080089522525235	3.5968444800134725
1872	58.0798359696096	3.5966274547648687
1873	58.079581570531616	3.5964082240381288
1874	58.07932632012461	3.5961867820667344
1875	58.07907021322192	3.595963123084172
1876	58.078813244656885	3.5957372413239233
1877	58.078555409262826	3.595509131019468
1878	58.078296701873086	3.5952787864042945
1879	58.078037117321	3.5950462017118845
1880	58.0777766504399	3.5948113711757164
1881	58.07751529606312	3.594574289029279
1882	58.07725304902398	3.5943349495060537
1883	58.07698990415584	3.5940933468395206
1884	58.07672585629201	3.5938494752631676
1885	58.07646090026583	3.593603329010475
1886	58.07619503091064	3.5933549023149256
1887	58.07592824305977	3.5931041894100018
1888	58.075660531546546	3.5928511845291906
1889	58.07539189120432	3.5925958819059716
1890	58.075122316866405	3.5923382757738276
1891	58.074851803366144	3.5920783603662447
1892	58.07458034553687	3.591816129916701
1893	58.07430793821193	3.591551578658685
1894	58.07403457622463	3.591284700825678
1895	58.07376025440832	3.5910154906511593
1896	58.07348496759634	3.5907439423686163
1897	58.07320871062201	3.590470050211532
1898	58.072931478318665	3.590193808413388
1899	58.072653265519655	3.589915211207666
1900	58.07237406705829	3.5896342528278553
1901	58.07209387776791	3.58935092750743
1902	58.07181269248186	3.589065229479877
1903	58.071530506033476	3.5887771529786843
1904	58.07124731325607	3.588486692237326
1905	58.070963108982994	3.588193841489293
1906	58.07067788804758	3.5878985949680633
1907	58.07039164528315	3.5876009469071217
1908	58.070104375523044	3.5873008915399525
1909	58.069816073600606	3.586998423100038
1910	58.06952673434915	3.58669353582086
1911	58.06923635260202	3.5863862239359015
1912	58.068944923192554	3.586076481678648
1913	58.06865244095408	3.58576430328258
1914	58.06835890071993	3.5854496829811806
1915	58.06806429732344	3.5851326150079386
1916	58.06776862559795	3.584813093596327
1917	58.06747188037678	3.5844911129798374
1918	58.06717405649327	3.5841666673919486
1919	58.06687514878077	3.5838397510661446
1920	58.06657515207258	3.5835103582359094
1921	58.06627406120205	3.5831784831347258
1922	58.06597187100253	3.5828441199960754
1923	58.06566857630733	3.5825072630534396
1924	58.065364171949795	3.5821679065403074
1925	58.065058652763256	3.581826044690161
1926	58.06475201358105	3.5814816717364746
1927	58.0644442492365	3.581134781912742
1928	58.06413535456296	3.5807853694524407
1929	58.06382532439374	3.580433428589054
1930	58.06351415356218	3.5800789535560673
1931	58.06320183690163	3.5797219385869634
1932	58.06288836924541	3.579362377915222
1933	58.06257374542684	3.579000265774329
1934	58.062257960279275	3.5786355963977683
1935	58.061941008636055	3.5782683640190207
1936	58.061622885330486	3.577898562871569
1937	58.061303585195915	3.5775261871889
1938	58.06098310306568	3.5771512312044917
1939	58.06066143377312	3.5767736891518296
1940	58.06033857215155	3.5763935552644006
1941	58.06001451303432	3.57601082377568
1942	58.05968925125476	3.5756254889191563
1943	58.05936278164619	3.575237544928311
1944	58.059035099041964	3.574846986036627
1945	58.0587061982754	3.574453806477586
1946	58.05837607417984	3.574058000484676
1947	58.058044721588615	3.5736595622913754
1948	58.05771213533505	3.573258486131168
1949	58.0573783102525	3.572854766237539
1950	58.057043241174284	3.572448396843968
1951	58.056706922933735	3.57203937218394
1952	58.05636935036419	3.57162768649094
1953	58.05603051829898	3.571213333998448
1954	58.05569042157145	3.570796308939948
1955	58.055349055014915	3.5703766055489234
1956	58.05500641346272	3.5699542180588573
1957	58.05466249174819	3.5695291407032332
1958	58.05431728470467	3.5691013677155325
1959	58.05397078716549	3.5686708933292404
1960	58.053622993963984	3.5682377117778374
1961	58.05327389993347	3.56780181729481
1962	58.052923499907315	3.5673632041136383
1963	58.05257178871882	3.5669218664678053
1964	58.05221876120133	3.5664777985907974
1965	58.05186441218819	3.566030994716093
1966	58.051508736512716	3.5655814490771776
1967	58.05115172900825	3.565129155907538
1968	58.050793384508125	3.564674109440649
1969	58.050433697845676	3.564216303910001
1970	58.05007266385423	3.5637557335490735
1971	58.049710277367126	3.563292392591351
1972	58.04934653321771	3.562826275270314
1973	58.04898142623929	3.5623573758194493
1974	58.048614951265215	3.5618856884722394
1975	58.048247103128816	3.5614112074621613
1976	58.04787787666343	3.560933927022707
1977	58.04750726670238	3.5604538413873543
1978	58.04713526807902	3.5599709447895838
1979	58.04676187562665	3.5594852314628866
1980	58.04638708417863	3.5589966956407415
1981	58.046010888568304	3.5585053315566273
1982	58.04563328362897	3.5580111334440354
1983	58.04525426419399	3.557514095536442
1984	58.04487382509669	3.557014212067334
1985	58.0444919611704	3.5565114772701922
1986	58.04410866724845	3.5560058853785015
1987	58.04372393816418	3.5554974306257447
1988	58.04333776875093	3.5549861072454028
1989	58.04295015384202	3.554471909470962
1990	58.04256108827079	3.5539548315359015
1991	58.04217056687058	3.5534348676737078
1992	58.04177858447471	3.5529120121178646
1993	58.04138513591652	3.5523862591018496
1994	58.04099021602935	3.55185760285915
1995	58.04059381964653	3.5513260376232507
1996	58.04019594160138	3.550791557627632
1997	58.039796576727255	3.5502541571057735
1998	58.039395719857474	3.549713830291166
1999	58.03899336582538	3.5491705714172874
2000	58.038589509464295	3.548624374717621
2001	58.038184145607566	3.548075234425654
2002	58.037777269088515	3.5475231447748627
2003	58.03736887474048	3.546968099998734
2004	58.036958957396806	3.546410094330753
2005	58.0365475118908	3.5458491220043995
2006	58.03613453305582	3.5452851772531564
2007	58.03572001572519	3.544718254310511
2008	58.03530395473225	3.54414834740994
2009	58.03488634491032	3.5435754507849304
2010	58.03446718109274	3.5429995586689667
2011	58.034046458112854	3.5424206652955266
2012	58.03362417080398	3.5418387648980993
2013	58.033200313999465	3.541253851710164
2014	58.032774882532635	3.5406659199652037
2015	58.03234787123682	3.540074963896704
2016	58.03191927494536	3.5394809777381457
2017	58.03148908849158	3.538883955723013
2018	58.03105730670884	3.53828389208479
2019	58.03062392443044	3.537680781056955
2020	58.03018893648973	3.5370746168729967
2021	58.02975233772005	3.536465393766396
2022	58.02931412295471	3.5358531059706353
2023	58.028874287027065	3.535237747719199
2024	58.02843282477045	3.53461931324557
2025	58.027989731018174	3.5339977967832272
2026	58.027545000603595	3.53337319256566
2027	58.02709862836005	3.532745494826349
2028	58.02665060912085	3.532114697798778
2029	58.02620093771934	3.531480795716426
2030	58.02574960898885	3.5308437828127808
2031	58.025296617762734	3.530203653321323
2032	58.02484195887429	3.529560401475537
2033	58.02438562715688	3.528914021508906
2034	58.02392761744383	3.5282645076549115
2035	58.02346792456847	3.527611854147038
2036	58.02300654336413	3.526956055218767
2037	58.02254346866416	3.5262971051035823
2038	58.02207869530187	3.52563499803497
2039	58.02161221811061	3.5249697282464076
2040	58.02114403192371	3.5243012899713815
2041	58.02067413157451	3.523629677443375
2042	58.020202511896336	3.5229548848958685
2043	58.01972916772251	3.5222769065623476
2044	58.019254093886396	3.5215957366762973
2045	58.0187772852213	3.5209113694711953
2046	58.01829873656056	3.520223799180528
2047	58.01781844273752	3.519533020037778
2048	58.01733639858551	3.518839026276429
2049	58.01685259893786	3.518141812129962
2050	58.016367038627905	3.5174413718318642
2051	58.01587971248898	3.5167376996156112
2052	58.01539061535442	3.5160307897146925
2053	58.01489974205755	3.5153206363625915
2054	58.01440708743172	3.5146072337927885
2055	58.013912646310246	3.513890576238766
2056	58.01341641352647	3.513170657934009
2057	58.012918383913735	3.5124474731119983
2058	58.012418552305355	3.5117210160062204
2059	58.01191691353467	3.510991280850156
2060	58.01141346243502	3.510258261877289
2061	58.01090819383974	3.5095219533211033
2062	58.01040110258216	3.5087823494150765
2063	58.0098921834956	3.5080394443926988
2064	58.009381431413416	3.5072932324874513
2065	58.00886884116893	3.506543707932815
2066	58.008354407595476	3.5057908649622727
2067	58.00783812552639	3.505034697809312
2068	58.007319989795	3.5042752007074096
2069	58.00679999523465	3.5035123678900537
2070	58.006278136678674	3.5027461935907263
2071	58.005754408960385	3.5019766720429066
2072	58.00522880691314	3.501203797480083
2073	58.00470132537026	3.5004275641357374
2074	58.00417195916508	3.499647966243348
2075	58.003640703130934	3.498864998036404
2076	58.003107552101156	3.498078653748387
2077	58.002572500909096	3.497288927612778
2078	58.00203554438806	3.4964958138630604
2079	58.00149667737139	3.4956993067327193
2080	58.00095589469243	3.494899400455236
2081	58.000413191184506	3.4940960892640924
2082	57.999868561680955	3.493289367392776
2083	57.99932200101511	3.492479229074766
2084	57.9987735040203	3.491665668543545
2085	57.99822306552986	3.490848680032602
2086	57.99767068037712	3.490028257775411
2087	57.99711634339543	3.489204396005464
2088	57.99656004941811	3.488377088956237
2089	57.99600179327849	3.487546330861216
2090	57.99544156980991	3.486712115953886
2091	57.994879373845706	3.4858744384677256
2092	57.994315200219205	3.4850332926362206
2093	57.993749043763756	3.484188672692855
2094	57.99318089931267	3.4833405728711093
2095	57.9926107616993	3.482488987404467
2096	57.99203862575696	3.4816339105264156
2097	57.991464486319	3.4807753364704315
2098	57.99088833821875	3.479913259470002
2099	57.99031017628954	3.47904767375861
2100	57.98972999536471	3.478178573569736
2101	57.989147790277585	3.4773059531368644
